py/desispec/data/qa/qa-reference-tsnr2.ecsv
# %ECSV 0.9
# ---
# datatype:
# - {name: FIBER, datatype: int64}
# - {name: FIBERASSIGN_X, datatype: float64}
# - {name: FIBERASSIGN_Y, datatype: float64}
# - {name: TSNR2_LRG_BRIGHT, datatype: float64}
# - {name: TSNR2_LRG_DARK, datatype: float64}
# meta: {NIGHTMAX: 20210606, NIGHTMIN: 20210514}
# schema: astropy-2.0
FIBER FIBERASSIGN_X FIBERASSIGN_Y TSNR2_LRG_BRIGHT TSNR2_LRG_DARK
[from data line 2780]
2780 -30.7 390.51 17.32 85.66
2781 -5.77 349.01 17.91 89.19
2782 17.83 363.31 17.36 85.79
2783 21.76 318.26 19.07 93.95
2784 -29.93 362.95 18.55 92.07
2785 11.4 343.84 17.56 86.89
2786 nan nan nan nan
2787 45.62 332.42 19.51 93.63
2788 15.02 325.79 18.75 92.16
2789 35.4 330.66 18.46 90.09
2790 0.83 341.55 18.53 90.84
2791 25.23 328.23 19.24 94.56
2792 -26.35 344.66 17.43 85.14
2793 nan nan nan nan
2794 27.94 337.77 17.24 84.37
2795 nan nan nan nan
2796 nan nan nan nan
2797 -1.73 331.74 18.91 92.69
2798 -16.28 347.4 18.45 89.81
2799 -33.06 352.72 18.83 92.44
2800 -29.79 159.96 18.2 89.62
2801 -18.58 106.76 19.54 94.87
2802 15.99 68.52 21.04 104.02
2803 2.3 83.81 19.39 95.81
2804 -46.9 165.21 18.81 91.51
2805 -4.36 63.98 20.89 101.57
2806 -21.85 96.76 18.26 90.22
2807 -7.55 109.15 16.31 81.22
2808 -12.27 126.09 20.05 97.57
2809 -43.81 175.11 19.95 97.74
2810 nan nan nan nan
2811 -40.36 157.44 19.59 95.12
2812 -15.57 144.13 18.7 92.29
2813 9.76 75.99 18.05 87.71
2814 -19.68 162.09 19.28 94.5
2815 -11.36 71.17 20.96 102.77
2816 -37.54 167.58 19.76 97.33
2817 9.32 48.53 21.68 105.6
2818 3.09 56.31 21.35 105.06
2819 3.02 28.98 18.23 89.58
2820 -8.66 136.02 20.38 99.7
2821 -5.19 146.94 20.96 101.28
2822 19.44 78.37 18.95 93.83
2823 -4.91 91.07 20.32 99.76
2824 12.44 58.51 21.57 105.07
2825 -33.7 150.52 16.02 77.68
2826 -29.22 131.54 19.17 92.26
2827 5.92 66.06 21.03 103.37
2828 nan nan nan nan
2829 -26.07 169.57 18.01 87.45
2830 12.74 85.63 21.33 102.02
2831 0.08 46.25 21.12 103.44
2832 -11.28 99.11 20.85 102.86
2833 -22.86 152.16 20.32 100.32
2834 nan nan nan nan
2835 -18.81 79.21 17.97 87.32
2836 nan nan nan nan
2837 6.43 38.47 21.12 103.26
2838 5.49 93.37 19.72 96.56
2839 -7.16 53.59 20.15 97.66
2840 -26.36 114.42 20.22 99.79
2841 -25.75 142.36 20.96 102.82
2842 nan nan nan nan
2843 -14.67 88.81 18.39 91.27
2844 -7.43 81.17 18.13 88.32
2845 nan nan nan nan
2846 -3.79 35.93 21.41 104.61
2847 22.44 88.07 14.99 72.76
2848 -19.54 134.26 19.42 93.67
2849 -15.66 116.31 19.94 97.6
2850 -46.59 313.17 18.71 92.11
2851 26.18 273.59 19.16 94.18
2852 -22.25 299.33 19.75 97.25
2853 22.68 263.11 19.0 93.79
2854 29.43 282.68 18.99 93.09
2855 -32.36 325.48 18.45 91.79
2856 -7.55 284.07 19.25 95.55
2857 22.25 290.27 17.87 86.73
2858 -25.7 317.2 18.24 90.12
2859 -1.09 303.68 19.53 96.7
2860 -12.24 301.73 19.06 94.79
2861 -32.5 297.15 19.15 94.89
2862 -1.27 276.91 18.99 92.55
2863 1.87 314.0 19.1 93.52
2864 32.36 292.53 19.79 95.84
2865 35.93 301.97 18.57 90.58
2866 -25.34 289.33 19.15 94.57
2867 -35.53 287.57 19.01 93.82
2868 -4.89 293.67 19.14 94.72
2869 -39.02 332.43 19.53 97.23
2870 19.45 280.61 18.27 89.46
2871 nan nan nan nan
2872 25.69 300.41 18.74 91.84
2873 15.48 298.04 19.18 93.85
2874 -50.4 330.21 18.66 92.67
2875 -53.26 292.87 19.38 96.09
2876 nan nan nan nan
2877 5.36 268.04 19.79 97.68
2878 -15.7 291.8 15.99 77.42
2879 -28.79 280.09 17.74 87.57
2880 -43.07 322.79 17.12 84.09
2881 -16.19 319.77 18.78 92.85
2882 36.23 275.17 18.66 91.88
2883 -38.66 305.28 18.53 92.1
2884 -49.07 302.89 18.69 91.68
2885 9.1 277.82 19.46 96.21
2886 12.35 288.43 13.76 67.23
2887 -19.02 309.58 19.11 94.46
2888 nan nan nan nan
2889 -53.27 320.81 18.53 92.15
2890 -29.03 307.29 18.97 94.25
2891 5.36 296.33 18.78 92.53
2892 -35.93 314.96 17.82 88.6
2893 8.51 305.89 19.34 96.94
2894 1.86 286.34 18.79 91.94
2895 -18.45 281.48 18.43 89.58
2896 -8.54 311.76 17.8 87.26
2897 -42.58 295.05 19.38 95.89
2898 nan nan nan nan
2899 19.06 308.86 19.46 96.68
2900 75.04 395.04 16.45 80.7
2901 112.88 366.54 16.88 82.2
2902 85.13 396.94 16.62 81.7
2903 103.89 362.92 18.47 90.15
2904 86.47 341.29 15.26 74.9
2905 115.93 376.43 17.15 84.51
2906 99.71 381.3 17.29 84.55
2907 103.17 336.02 17.02 82.1
2908 71.88 384.53 17.13 83.58
2909 96.23 343.74 17.14 82.12
2910 51.49 380.02 17.87 87.59
2911 118.77 386.97 16.78 81.3
2912 92.21 388.86 17.07 82.62
2913 44.86 360.61 17.68 86.42
2914 89.27 351.53 17.89 86.58
2915 62.33 354.4 18.31 88.39
2916 51.79 351.95 18.36 88.53
2917 68.93 346.93 18.56 90.14
2918 nan nan nan nan
2919 76.34 338.56 18.68 90.66
2920 nan nan nan nan
2921 55.31 390.1 17.76 87.67
2922 48.08 370.42 17.57 86.49
2923 96.21 371.01 18.28 89.79
2924 86.1 369.01 16.02 77.41
2925 41.64 378.26 17.59 86.43
2926 68.5 374.8 17.39 84.66
2927 102.82 391.12 16.69 82.28
2928 61.72 382.48 17.06 83.41
2929 48.15 398.02 17.25 83.67
2930 79.51 377.26 17.29 83.83
2931 nan nan nan nan
2932 nan nan nan nan
2933 82.66 331.47 17.57 85.0
2934 44.45 388.27 17.59 86.22
2935 99.94 353.46 16.71 82.69
2936 106.33 346.28 18.18 87.49
2937 nan nan nan nan
2938 92.91 361.08 17.26 84.69
2939 58.37 372.39 17.64 85.73
2940 79.51 349.45 16.59 78.72
2941 109.43 383.66 17.13 84.32
2942 65.68 364.78 17.8 87.06
2943 58.43 400.5 16.22 79.36
2944 38.15 368.41 17.82 86.82
2945 89.27 379.04 16.91 83.38
2946 55.52 362.18 17.24 82.96
2947 75.06 366.89 17.74 87.95
2948 106.2 373.46 17.81 87.3
2949 65.23 392.58 16.95 82.81
2950 43.66 240.15 16.6 80.73
2951 47.92 222.13 17.44 85.92
2952 27.06 245.61 17.88 87.06
2953 40.59 229.61 18.51 89.62
2954 -77.54 334.6 17.92 89.13
2955 67.55 226.64 17.98 87.69
2956 23.24 235.72 18.61 90.37
2957 70.23 236.27 18.74 90.68
2958 64.64 217.06 18.79 91.51
2959 -59.08 301.64 18.01 89.0
2960 -84.63 341.98 17.73 87.48
2961 -83.55 313.77 18.59 91.75
2962 nan nan nan nan
2963 nan nan nan nan
2964 -70.05 298.5 17.32 85.12
2965 -66.11 308.33 17.91 88.93
2966 27.01 217.97 18.75 90.14
2967 37.11 220.23 16.8 81.76
2968 nan nan nan nan
2969 nan nan nan nan
2970 nan nan nan nan
2971 nan nan nan nan
2972 nan nan nan nan
2973 -95.3 339.58 17.28 85.01
2974 -60.57 328.46 18.13 88.75
2975 nan nan nan nan
2976 -73.94 344.61 17.27 85.17
2977 -80.81 324.47 17.56 85.94
2978 -66.96 336.06 17.55 86.97
2979 -90.94 349.55 17.59 86.09
2980 55.1 214.36 18.05 87.2
2981 57.53 224.28 18.08 87.44
2982 30.37 227.58 17.92 86.67
2983 44.21 212.58 18.38 90.04
2984 34.06 209.9 16.95 82.75
2985 54.8 242.57 18.3 88.75
2986 33.99 237.39 18.66 89.8
2987 -93.94 312.09 16.77 82.7
2988 36.69 247.8 16.56 81.12
2989 nan nan nan nan
2990 -90.4 322.08 15.97 78.73
2991 -63.1 318.31 17.3 84.42
2992 47.17 249.36 18.39 89.54
2993 -73.66 316.57 16.93 83.22
2994 29.84 255.52 18.24 87.89
2995 -70.19 326.35 17.86 87.91
2996 -80.05 296.46 17.72 86.79
2997 -87.42 331.84 17.38 85.45
2998 57.99 197.17 17.45 85.06
2999 -86.97 304.04 16.82 83.1
3000 -271.43 292.78 17.29 85.4
3001 -247.74 278.35 17.81 86.27
3002 nan nan nan nan
3003 -110.9 266.87 18.04 88.29
3004 -258.08 280.84 18.38 89.36
3005 -114.84 277.02 19.22 93.86
3006 -285.62 277.3 17.17 84.54
3007 -125.02 251.44 19.64 95.86
3008 -251.15 288.07 18.3 88.79
3009 -118.32 259.2 18.17 89.1
3010 -135.69 254.02 19.98 96.8
3011 -248.54 251.08 18.73 90.61
3012 -94.68 245.36 18.89 92.62
3013 -94.66 272.47 18.18 89.44
3014 -275.01 275.5 17.44 86.65
3015 -131.89 271.33 18.79 91.72
3016 -268.39 254.68 18.7 91.8
3017 -238.22 248.4 18.89 91.5
3018 -104.96 246.93 19.88 96.64
3019 -271.89 264.66 17.02 85.33
3020 -127.87 261.96 17.91 88.1
3021 -255.05 270.72 18.15 90.47
3022 -102.25 237.93 19.91 96.57
3023 -97.87 255.34 19.7 96.51
3024 -91.44 262.46 19.23 95.58
3025 -85.05 243.42 18.97 91.23
3026 -91.43 236.37 18.92 93.33
3027 nan nan nan nan
3028 -261.75 263.26 18.07 88.21
3029 -101.59 264.8 18.7 93.52
3030 -265.51 245.43 19.0 93.87
3031 -118.91 232.04 19.76 97.72
3032 -272.93 237.32 18.52 90.92
3033 -278.42 284.7 17.41 84.21
3034 -292.45 269.69 17.46 84.96
3035 -104.41 275.09 19.07 94.33
3036 -121.37 269.58 20.19 97.63
3037 -260.86 290.7 16.78 82.74
3038 -255.9 242.97 18.61 89.83
3039 -264.77 273.06 18.68 90.99
3040 -88.13 252.51 19.6 95.84
3041 -112.09 239.49 19.27 95.18
3042 -138.49 264.05 19.25 94.56
3043 -107.67 257.22 17.96 88.53
3044 -243.7 268.06 18.74 91.35
3045 -115.21 249.43 19.57 96.12
3046 -282.31 267.11 18.13 88.85
3047 -251.59 260.12 18.69 90.93
3048 -240.94 258.21 18.85 91.39
3049 -122.72 241.86 19.74 95.41
3050 nan nan nan nan
3051 nan nan nan nan
3052 nan nan nan nan
3053 nan nan nan nan
3054 nan nan nan nan
3055 nan nan nan nan
3056 nan nan nan nan
3057 nan nan nan nan
3058 nan nan nan nan
3059 nan nan nan nan
3060 nan nan nan nan
3061 nan nan nan nan
3062 nan nan nan nan
3063 nan nan nan nan
3064 nan nan nan nan
3065 nan nan nan nan
3066 nan nan nan nan
3067 nan nan nan nan
3068 nan nan nan nan
3069 nan nan nan nan
3070 nan nan nan nan
3071 nan nan nan nan
3072 nan nan nan nan
3073 nan nan nan nan
3074 nan nan nan nan
3075 nan nan nan nan
3076 nan nan nan nan
3077 nan nan nan nan
3078 nan nan nan nan
3079 nan nan nan nan
3080 nan nan nan nan
3081 nan nan nan nan
3082 nan nan nan nan
3083 nan nan nan nan
3084 nan nan nan nan
3085 nan nan nan nan
3086 nan nan nan nan
3087 nan nan nan nan
3088 nan nan nan nan
3089 nan nan nan nan
3090 nan nan nan nan
3091 nan nan nan nan
3092 nan nan nan nan
3093 nan nan nan nan
3094 nan nan nan nan
3095 nan nan nan nan
3096 nan nan nan nan
3097 nan nan nan nan
3098 nan nan nan nan
3099 nan nan nan nan
3100 -225.42 180.64 19.32 94.41
3101 -167.72 177.41 17.86 86.82
3102 -140.52 181.12 19.09 92.75
3103 -150.64 182.75 18.01 85.99
3104 -113.35 183.88 19.42 95.42
3105 -194.48 201.72 17.86 85.98
3106 -163.47 194.74 17.73 85.66
3107 -202.82 166.2 19.1 91.71
3108 -149.94 210.99 18.68 89.82
3109 -136.9 198.76 19.34 92.92
3110 -195.2 174.38 18.89 91.25
3111 -123.37 186.8 19.1 92.26
3112 -211.77 196.24 19.24 93.03
3113 -208.74 186.38 18.43 90.16
3114 -164.4 167.81 19.07 92.46
3115 -140.08 208.53 18.26 87.89
3116 -212.68 168.48 18.51 89.85
3117 -153.46 193.84 18.47 89.32
3118 -174.47 169.54 19.22 92.91
3119 -236.2 182.49 19.36 94.27
3120 -174.12 197.35 18.42 87.58
3121 -215.8 178.68 18.89 91.97
3122 -184.63 172.03 19.36 93.72
3123 -188.29 182.36 18.29 88.79
3124 -157.28 203.2 14.03 68.48
3125 -143.97 191.17 15.62 77.15
3126 -198.5 184.16 18.37 89.04
3127 -132.99 216.67 18.91 91.3
3128 -147.58 173.28 19.18 92.67
3129 -177.61 207.18 19.01 92.59
3130 -184.58 199.96 19.03 91.44
3131 -160.9 185.43 18.08 88.16
3132 -157.62 175.51 19.25 93.06
3133 -191.13 191.45 19.29 93.64
3134 -133.34 188.72 18.87 90.99
3135 -129.99 206.09 18.54 91.77
3136 -205.51 176.19 17.88 86.7
3137 nan nan nan nan
3138 -171.14 187.94 17.99 86.23
3139 -228.76 190.5 18.6 89.86
3140 -201.54 193.82 18.16 87.73
3141 -130.04 178.36 19.4 94.19
3142 -178.35 179.51 18.94 91.45
3143 -146.43 200.81 17.75 86.77
3144 nan nan nan nan
3145 -181.36 189.23 18.61 91.27
3146 -218.72 188.59 18.82 92.58
3147 -143.11 218.87 18.38 89.66
3148 nan nan nan nan
3149 -126.3 196.53 18.88 91.86
3150 -243.98 296.34 17.37 85.58
3151 -203.36 259.31 18.97 92.47
3152 -224.14 263.31 18.37 89.57
3153 -182.5 282.71 18.46 91.34
3154 -220.76 253.86 18.29 90.28
3155 -211.47 252.1 18.59 91.07
3156 -169.75 269.46 18.2 88.73
3157 -152.39 276.25 18.12 87.73
3158 -193.62 256.79 18.97 93.99
3159 -196.43 294.42 18.69 92.42
3160 -172.0 308.32 18.29 90.13
3161 nan nan nan nan
3162 -213.47 288.54 18.0 88.51
3163 -237.29 276.0 18.78 92.41
3164 -254.74 298.27 17.38 86.31
3165 -188.7 302.27 19.05 92.88
3166 -217.35 270.73 18.38 90.4
3167 -186.13 292.54 18.04 88.84
3168 -168.77 297.72 18.41 89.84
3169 -223.82 291.28 18.37 91.15
3170 -165.36 288.13 19.21 94.66
3171 -220.82 281.46 18.37 90.01
3172 -213.55 261.12 18.42 90.65
3173 -178.92 300.04 17.31 86.99
3174 -199.22 304.43 18.11 89.31
3175 -159.19 268.5 13.25 65.6
3176 -234.35 265.62 17.69 87.13
3177 nan nan nan nan
3178 -189.95 274.68 18.22 89.81
3179 nan nan nan nan
3180 -227.83 273.63 17.99 88.9
3181 -192.96 284.53 18.65 91.32
3182 -175.56 290.44 18.15 89.32
3183 -172.32 280.78 18.48 91.37
3184 -206.04 296.78 18.2 89.52
3185 -161.99 305.68 18.14 88.52
3186 -158.92 295.77 17.87 87.98
3187 -233.68 294.29 18.09 88.57
3188 -206.84 269.74 18.16 90.01
3189 -216.7 299.14 17.8 85.99
3190 -226.41 301.08 17.85 89.67
3191 -230.74 255.89 19.02 92.55
3192 -178.71 272.43 18.13 88.98
3193 -241.1 286.13 18.06 89.35
3194 nan nan nan nan
3195 -161.78 278.5 18.15 88.9
3196 -196.55 267.27 18.22 90.3
3197 nan nan nan nan
3198 -209.43 279.13 17.96 87.59
3199 -182.66 310.11 18.36 90.34
3200 -127.31 141.17 12.42 60.98
3201 -103.44 154.43 17.9 84.81
3202 -114.42 129.26 18.57 88.85
3203 nan nan nan nan
3204 -96.45 162.3 17.95 86.79
3205 -82.15 178.71 16.58 80.26
3206 nan nan nan nan
3207 nan nan nan nan
3208 -106.95 136.93 17.99 86.84
3209 -92.9 180.23 17.45 83.63
3210 -68.98 165.54 17.47 84.93
3211 -70.06 138.38 18.77 90.52
3212 -93.38 152.99 17.23 83.02
3213 -106.26 164.8 17.14 82.36
3214 -113.41 156.47 17.25 82.96
3215 -127.46 169.24 18.53 88.52
3216 nan nan nan nan
3217 -103.95 126.96 16.02 78.69
3218 -100.21 145.08 16.27 79.6
3219 -116.45 167.0 12.63 61.23
3220 nan nan nan nan
3221 -72.54 176.31 17.41 83.95
3222 -131.52 150.38 17.96 86.87
3223 -78.91 167.78 17.29 82.54
3224 -62.85 146.48 18.4 89.11
3225 -86.21 160.2 16.73 80.26
3226 -65.84 183.19 17.34 83.71
3227 -97.09 134.73 16.93 82.85
3228 -102.76 182.49 16.64 80.33
3229 -59.01 164.15 17.3 82.89
3230 -124.16 131.65 17.95 85.93
3231 -55.95 154.05 16.89 82.28
3232 -143.89 163.68 17.21 83.57
3233 -75.53 185.31 18.26 88.24
3234 -117.57 138.87 18.05 87.58
3235 -52.78 143.38 17.59 85.94
3236 -100.11 172.71 16.6 80.72
3237 -134.37 161.72 17.28 83.58
3238 -141.11 152.9 17.28 82.53
3239 -85.63 187.69 17.75 85.37
3240 -137.38 171.35 18.02 85.88
3241 -72.4 148.38 18.38 89.22
3242 nan nan nan nan
3243 -59.25 135.94 18.44 88.9
3244 -79.99 140.62 17.41 84.11
3245 -120.55 149.29 17.49 84.54
3246 -62.64 173.39 17.68 86.7
3247 nan nan nan nan
3248 -110.4 174.4 18.29 88.67
3249 -82.46 150.76 17.84 86.65
3250 -145.49 255.95 18.03 87.68
3251 -213.83 233.52 18.0 86.77
3252 -200.8 221.35 17.62 86.38
3253 -129.35 234.23 17.97 87.92
3254 -183.11 255.27 18.26 88.72
3255 -139.02 236.36 18.77 91.27
3256 -166.45 260.4 18.81 91.95
3257 -198.08 211.75 19.08 92.13
3258 -194.08 229.5 18.05 87.98
3259 -173.65 225.36 17.47 84.58
3260 -173.22 252.78 18.18 88.66
3261 nan nan nan nan
3262 -180.64 217.79 18.64 91.0
3263 -187.9 209.34 18.92 91.95
3264 -153.25 220.53 18.41 89.64
3265 -197.93 240.14 18.23 88.93
3266 -214.66 206.29 18.0 85.79
3267 -177.03 235.1 17.35 82.8
3268 -179.94 245.03 18.19 88.69
3269 -187.15 237.38 17.86 86.02
3270 -204.63 203.82 18.46 89.67
3271 nan nan nan nan
3272 -148.76 265.64 18.33 89.96
3273 -217.65 244.01 18.07 88.6
3274 -159.39 231.23 nan 21.73
3275 -142.5 245.93 18.23 88.58
3276 nan nan nan nan
3277 -224.96 236.16 17.85 87.16
3278 -183.69 227.05 17.57 86.28
3279 -135.5 226.49 18.31 89.55
3280 nan nan nan nan
3281 nan nan nan nan
3282 nan nan nan nan
3283 -204.29 231.84 18.38 87.79
3284 -208.32 213.75 16.36 80.68
3285 -211.09 224.1 17.42 85.66
3286 nan nan nan nan
3287 -227.17 246.38 17.65 84.54
3288 -191.32 219.0 18.2 88.42
3289 -221.62 226.95 17.71 86.63
3290 -146.68 228.65 17.71 86.15
3291 -155.69 257.88 18.33 89.31
3292 -163.35 251.13 17.77 86.67
3293 -190.09 247.05 17.95 87.72
3294 -166.53 232.68 18.27 89.53
3295 -162.91 223.73 18.21 86.59
3296 -152.45 247.55 17.78 86.47
3297 nan nan nan nan
3298 -169.76 242.35 18.13 87.64
3299 nan nan nan nan
3300 -198.94 156.27 16.58 80.59
3301 nan nan nan nan
3302 -43.22 113.79 17.71 86.67
3303 -66.47 128.3 17.71 85.42
3304 nan nan nan nan
3305 -154.98 137.58 17.98 87.13
3306 -76.55 102.94 17.31 83.16
3307 -178.98 152.34 15.36 74.6
3308 -159.06 147.18 17.6 85.75
3309 -182.22 161.91 17.65 84.84
3310 nan nan nan nan
3311 -46.62 123.94 18.22 87.69
3312 -80.14 113.33 17.93 88.18
3313 -137.85 142.94 18.17 87.06
3314 -49.79 133.92 16.35 80.61
3315 -43.11 86.71 17.67 85.64
3316 -83.59 123.3 17.68 85.55
3317 -76.83 130.53 17.94 85.48
3318 -46.84 96.84 18.38 89.79
3319 -63.32 90.58 18.8 91.98
3320 -191.93 164.44 16.98 81.43
3321 -56.84 98.62 18.73 90.93
3322 -165.2 140.42 17.08 82.13
3323 -73.26 120.63 17.87 85.14
3324 -36.67 94.02 19.57 95.25
3325 -69.93 111.0 17.62 87.02
3326 nan nan nan nan
3327 nan nan nan nan
3328 -147.96 145.71 17.62 86.18
3329 -63.38 119.1 16.47 78.65
3330 -52.7 116.55 17.79 85.9
3331 -66.62 101.29 16.71 80.82
3332 -60.16 81.54 18.46 90.03
3333 -56.06 126.17 18.19 87.44
