py/desispec/data/qa/qa-reference-tsnr2.ecsv
# %ECSV 0.9
# ---
# datatype:
# - {name: FIBER, datatype: int64}
# - {name: FIBERASSIGN_X, datatype: float64}
# - {name: FIBERASSIGN_Y, datatype: float64}
# - {name: TSNR2_LRG_BRIGHT, datatype: float64}
# - {name: TSNR2_LRG_DARK, datatype: float64}
# meta: {NIGHTMAX: 20210606, NIGHTMIN: 20210514}
# schema: astropy-2.0
FIBER FIBERASSIGN_X FIBERASSIGN_Y TSNR2_LRG_BRIGHT TSNR2_LRG_DARK
[from data line 4417]
4417 -210.73 -86.09 22.07 114.35
4418 -247.5 -149.66 21.62 110.98
4419 -220.58 -67.8 21.17 109.97
4420 nan nan nan nan
4421 -215.72 -59.22 23.0 118.36
4422 nan nan nan nan
4423 -225.95 -59.5 21.99 114.06
4424 -241.66 -122.91 21.75 112.07
4425 -252.08 -122.92 21.71 112.18
4426 -236.19 -95.56 20.96 110.15
4427 nan nan nan nan
4428 -235.95 -59.24 20.42 106.72
4429 -231.31 -68.71 21.8 112.5
4430 -246.68 -168.24 20.99 108.79
4431 -241.24 -86.31 21.06 109.86
4432 -210.45 -50.81 22.11 113.4
4433 -230.88 -104.88 22.25 113.76
4434 -252.26 -158.5 21.6 110.3
4435 -225.82 -77.58 21.83 111.57
4436 nan nan nan nan
4437 -251.75 -104.53 20.87 107.99
4438 -252.2 -140.35 21.21 108.24
4439 -246.85 -95.6 21.0 108.35
4440 -251.92 -68.48 22.71 115.16
4441 -236.45 -131.5 22.15 114.54
4442 -241.15 -68.3 21.09 109.41
4443 -231.36 -140.71 22.27 115.08
4444 -241.66 -141.04 21.47 110.69
4445 -226.27 -132.26 22.02 113.97
4446 -220.66 -104.5 21.61 111.98
4447 -210.51 -104.29 21.58 110.57
4448 -231.27 -86.46 21.35 109.93
4449 -215.55 -95.72 20.8 107.64
4450 -399.55 -50.22 18.49 96.29
4451 -389.16 -68.17 19.31 97.9
4452 -399.53 -31.6 18.89 98.29
4453 -393.53 -6.07 18.52 95.65
4454 -372.71 -77.78 19.06 96.49
4455 nan nan nan nan
4456 -377.58 -49.82 20.1 103.82
4457 nan nan nan nan
4458 -351.34 -6.01 19.48 99.21
4459 -371.94 -23.4 20.24 103.14
4460 -404.7 -41.53 18.07 93.48
4461 -383.36 -77.98 19.43 101.33
4462 nan nan nan nan
4463 -372.23 -58.92 19.46 99.07
4464 -393.96 -41.09 16.39 85.19
4465 -367.33 -14.22 17.18 89.71
4466 -346.61 -14.04 20.99 107.19
4467 -361.69 -41.45 19.33 98.71
4468 nan nan nan nan
4469 -361.79 -23.38 20.37 105.66
4470 -382.94 -5.67 19.65 101.83
4471 -377.79 -67.98 19.08 97.72
4472 nan nan nan nan
4473 nan nan nan nan
4474 nan nan nan nan
4475 -393.94 -23.17 16.63 85.01
4476 -383.19 -41.09 17.59 88.29
4477 -351.36 -23.28 18.31 94.4
4478 -372.1 -5.78 17.39 90.51
4479 -372.37 -40.74 18.14 92.92
4480 -356.49 -50.85 17.66 91.14
4481 -382.94 -23.43 17.92 91.34
4482 -362.03 -59.58 17.79 91.94
4483 -361.84 -77.21 17.87 91.68
4484 -388.29 -50.53 16.79 86.32
4485 -351.76 -41.3 18.52 94.86
4486 -362.03 -5.55 18.42 93.53
4487 nan nan nan nan
4488 -388.02 -14.27 17.93 92.11
4489 -367.28 -32.44 18.04 93.89
4490 -340.64 -23.37 17.64 90.49
4491 -367.21 -68.33 17.92 91.51
4492 -356.36 -32.05 18.0 93.61
4493 -356.51 -14.13 18.29 93.74
4494 -399.26 -67.8 15.55 82.96
4495 -351.49 -59.63 17.6 90.34
4496 -404.75 -23.2 16.52 86.31
4497 -377.73 -14.16 17.98 92.9
4498 -393.69 -77.3 16.43 84.56
4499 nan nan nan nan
4500 -229.59 -273.92 14.91 73.85
4501 -198.78 -306.6 14.77 73.88
4502 -228.28 -283.62 15.05 74.88
4503 -215.63 -230.0 15.04 75.83
4504 nan nan nan nan
4505 -205.91 -234.68 14.29 71.92
4506 -223.69 -235.91 14.38 72.32
4507 -229.97 -263.02 11.95 58.62
4508 -219.88 -277.56 14.67 73.62
4509 -181.21 -294.59 15.25 77.5
4510 -194.95 -259.19 15.24 76.29
4511 -190.12 -311.46 15.02 75.08
4512 -239.31 -269.14 13.95 70.06
4513 -231.61 -252.61 14.72 74.18
4514 -213.07 -250.49 14.45 74.38
4515 nan nan nan nan
4516 -216.85 -308.48 15.0 74.22
4517 -173.26 -288.14 13.45 68.13
4518 -209.87 -281.34 14.45 71.93
4519 -211.91 -260.74 15.05 75.71
4520 -184.73 -263.36 15.99 79.45
4521 -211.13 -271.64 15.36 77.89
4522 nan nan nan nan
4523 -190.98 -300.71 16.04 80.0
4524 -174.31 -277.61 15.42 77.81
4525 -205.02 -244.77 15.57 78.37
4526 nan nan nan nan
4527 -197.84 -316.34 14.21 71.37
4528 nan nan nan nan
4529 nan nan nan nan
4530 -203.3 -254.57 15.34 76.86
4531 -218.96 -287.68 14.86 74.43
4532 -171.92 -298.53 14.99 75.57
4533 nan nan nan nan
4534 -240.1 -258.74 14.75 74.28
4535 -208.29 -303.27 15.96 79.47
4536 -205.93 -334.75 15.69 77.54
4537 -220.54 -267.17 15.31 76.71
4538 -200.41 -285.09 15.95 79.84
4539 nan nan nan nan
4540 -221.84 -256.26 15.32 77.59
4541 -217.96 -298.48 14.85 74.45
4542 -184.33 -274.35 16.09 80.74
4543 nan nan nan nan
4544 -203.14 -265.14 16.13 81.79
4545 -193.49 -269.53 16.32 81.74
4546 -201.71 -275.28 15.73 79.5
4547 -231.96 -241.92 15.99 79.13
4548 nan nan nan nan
4549 -182.44 -284.25 16.43 82.74
4550 -88.37 -226.96 17.2 85.26
4551 -65.8 -99.11 17.31 86.94
4552 -77.05 -163.49 17.95 90.25
4553 -74.21 -194.22 16.72 84.6
4554 -75.12 -183.89 15.31 78.03
4555 -112.31 -88.44 18.08 89.31
4556 nan nan nan nan
4557 -83.27 -190.02 17.54 89.11
4558 -85.07 -179.48 17.5 87.99
4559 -68.21 -78.46 18.2 90.05
4560 -76.83 -84.54 18.14 90.5
4561 -92.03 -195.71 18.12 91.53
4562 nan nan nan nan
4563 -100.84 -112.95 15.94 79.82
4564 -102.89 -92.58 18.03 89.11
4565 -76.07 -174.23 16.87 85.05
4566 -74.91 -94.37 18.31 90.6
4567 -58.58 -82.45 17.8 88.49
4568 -93.96 -175.48 16.16 80.52
4569 -90.36 -206.71 17.07 85.61
4570 -67.09 -88.88 17.58 86.19
4571 -86.87 -70.69 17.01 85.1
4572 -85.14 -168.85 16.97 85.01
4573 -80.32 -220.67 15.57 78.23
4574 -101.18 -191.93 16.68 84.36
4575 -94.64 -86.5 14.0 70.63
4576 -93.61 -97.16 18.14 90.12
4577 -102.22 -103.16 17.97 89.23
4578 -91.75 -106.91 18.55 91.79
4579 -74.38 -105.33 17.04 84.97
4580 -82.67 -110.87 13.86 69.17
4581 -103.39 -82.53 17.66 88.52
4582 -86.35 -80.62 18.46 89.75
4583 -100.38 -202.33 17.23 87.11
4584 -109.71 -198.61 16.7 82.63
4585 -90.78 -117.57 17.14 86.1
4586 -92.79 -186.02 16.55 84.31
4587 -78.19 -73.67 18.43 91.88
4588 -66.95 -178.13 17.98 90.0
4589 -96.91 -233.14 17.28 86.83
4590 -98.9 -212.72 17.46 88.18
4591 -68.97 -68.02 18.28 90.57
4592 -84.73 -91.0 18.03 89.82
4593 -73.06 -204.34 16.88 83.33
4594 -87.01 -237.61 16.44 83.27
4595 -82.38 -200.74 15.78 80.2
4596 -97.17 -222.87 17.37 87.63
4597 -95.68 -76.77 17.52 86.91
4598 -78.05 -64.2 18.08 89.96
4599 -80.76 -210.49 17.12 87.31
4600 -164.98 -281.97 15.9 80.15
4601 -154.69 -286.91 17.07 86.03
4602 -196.62 -238.12 16.36 83.22
4603 -161.53 -223.66 16.36 82.42
4604 nan nan nan nan
4605 -148.19 -259.41 17.46 87.83
4606 -175.38 -267.6 16.62 84.3
4607 -163.45 -292.59 16.43 82.5
4608 -145.77 -290.78 15.13 77.21
4609 -186.07 -252.76 17.03 85.47
4610 nan nan nan nan
4611 -154.11 -296.86 16.46 84.29
4612 -165.84 -261.33 16.54 84.47
4613 -147.67 -269.61 16.89 85.85
4614 -130.18 -267.71 16.85 84.06
4615 -187.78 -232.09 16.87 85.09
4616 -139.55 -264.03 16.86 85.63
4617 -190.25 -211.9 14.97 75.64
4618 -171.55 -220.48 16.07 81.44
4619 -167.33 -251.27 15.29 77.58
4620 -140.52 -252.87 17.51 88.38
4621 -197.28 -228.23 16.9 85.29
4622 -162.74 -213.72 16.43 83.83
4623 -179.66 -225.82 16.29 81.18
4624 -158.09 -255.02 16.95 85.5
4625 nan nan nan nan
4626 -157.74 -265.15 17.51 88.07
4627 -178.81 -236.1 17.18 87.17
4628 -198.1 -217.57 16.39 82.46
4629 -151.54 -227.94 15.82 81.03
4630 nan nan nan nan
4631 -172.21 -209.15 16.48 82.59
4632 -150.74 -238.99 14.41 74.28
4633 nan nan nan nan
4634 -166.58 -271.7 16.93 86.12
4635 -190.84 -201.12 16.73 84.47
4636 -168.86 -240.63 16.18 81.68
4637 -170.3 -229.89 14.13 72.18
4638 -149.96 -249.03 16.26 83.86
4639 -180.58 -215.36 16.81 84.94
4640 -138.28 -273.58 16.38 83.21
4641 nan nan nan nan
4642 -186.75 -242.16 16.46 83.29
4643 -183.15 -194.83 16.7 83.71
4644 -173.72 -199.07 16.3 81.65
4645 -176.88 -256.71 15.73 80.99
4646 -181.37 -205.26 16.68 84.91
4647 -188.69 -221.75 16.1 81.71
4648 -146.51 -280.47 15.21 77.28
4649 -140.95 -242.82 17.58 88.27
4650 -86.69 -158.86 16.41 81.55
4651 -108.91 -119.37 17.22 85.91
4652 -87.98 -148.54 17.21 85.8
4653 -123.55 -151.76 17.05 83.98
4654 -96.22 -154.65 17.28 86.92
4655 -128.09 -111.11 15.01 74.88
4656 -145.62 -123.3 15.12 75.21
4657 -153.97 -118.87 18.09 88.78
4658 -143.09 -143.98 16.64 83.05
4659 nan nan nan nan
4660 -133.38 -148.11 17.11 86.18
4661 nan nan nan nan
4662 -104.41 -160.94 16.91 85.22
4663 -102.24 -181.7 16.46 82.88
4664 -152.62 -139.41 17.17 86.18
4665 nan nan nan nan
4666 -120.36 -183.02 16.85 84.25
4667 nan nan nan nan
4668 -112.07 -177.19 16.35 82.19
4669 -135.86 -127.27 17.49 85.33
4670 nan nan nan nan
4671 -124.77 -141.63 16.76 83.51
4672 nan nan nan nan
4673 -141.55 -153.95 16.84 84.19
4674 -137.2 -107.42 17.31 85.98
4675 -120.59 -95.04 16.81 83.51
4676 -126.89 -121.64 15.89 78.41
4677 -108.16 -129.23 16.53 82.22
4678 -132.63 -158.3 15.93 80.75
4679 -105.53 -150.67 16.71 83.4
4680 -114.06 -156.66 16.15 81.15
4681 -134.88 -137.78 16.27 82.16
4682 -143.93 -133.67 16.19 80.15
4683 -122.0 -162.36 16.1 81.5
4684 nan nan nan nan
4685 -153.03 -129.41 15.66 77.62
4686 -118.29 -125.78 17.17 84.68
4687 -98.41 -133.56 16.27 80.33
4688 -145.78 -113.1 16.29 81.41
4689 -118.39 -114.59 17.33 85.47
4690 -115.73 -146.41 15.78 78.72
4691 -110.57 -187.28 15.93 79.55
4692 -103.52 -170.86 16.11 79.89
4693 -95.47 -165.33 16.46 82.9
4694 nan nan nan nan
4695 -110.39 -108.93 18.09 88.86
4696 -96.56 -144.51 17.42 85.52
4697 -128.9 -101.19 17.09 84.44
4698 -136.32 -117.12 17.37 86.47
4699 -118.92 -104.18 18.15 89.44
4700 nan nan nan nan
4701 -270.52 -225.57 14.45 72.64
4702 -287.36 -238.04 14.7 74.39
4703 -266.54 -266.71 15.58 78.35
4704 -306.1 -239.72 13.72 69.19
4705 nan nan nan nan
4706 -247.56 -264.51 14.51 71.47
4707 -276.85 -252.27 15.5 78.37
4708 -286.34 -248.0 15.35 77.36
4709 -296.66 -243.24 15.42 78.44
4710 -314.35 -236.3 14.57 73.84
4711 -259.07 -250.23 15.38 77.54
4712 -295.32 -254.52 14.64 73.76
4713 -271.47 -214.61 15.68 78.16
4714 -302.67 -271.2 13.36 66.28
4715 -268.12 -245.72 15.58 78.06
4716 -260.25 -240.01 15.49 76.68
4717 -280.7 -211.31 15.71 78.64
4718 -260.91 -229.35 15.96 81.1
4719 -262.04 -219.26 16.32 81.32
4720 -269.59 -235.3 15.37 77.32
4721 -289.3 -227.08 15.57 77.55
4722 -264.44 -287.71 15.43 77.22
4723 -306.04 -229.83 15.02 75.58
4724 -293.81 -264.54 15.16 76.98
4725 -284.3 -268.98 14.73 74.11
4726 -323.61 -242.36 14.13 70.94
4727 -293.76 -275.16 11.45 57.3
4728 -280.06 -221.37 15.7 77.51
4729 -274.68 -273.21 15.33 77.38
4730 -256.75 -271.09 15.22 75.89
4731 -289.29 -217.86 16.31 81.31
4732 -267.37 -256.5 15.41 76.88
4733 -282.79 -290.47 12.84 64.84
4734 -285.74 -257.99 12.32 62.17
4735 -255.9 -281.4 14.98 74.91
4736 -304.9 -249.81 14.65 73.7
4737 -297.04 -233.51 15.77 74.78
4738 -273.91 -284.0 13.0 63.01
4739 -275.9 -262.88 14.94 76.24
4740 -314.2 -245.98 14.31 72.42
4741 -313.72 -256.48 14.65 73.19
4742 -278.25 -241.52 15.9 80.46
4743 -303.71 -259.89 14.07 70.15
4744 -297.92 -223.64 15.02 74.62
4745 -283.49 -278.93 14.58 72.23
4746 -258.06 -260.77 15.83 78.84
4747 -249.3 -255.07 14.91 74.89
4748 -272.86 -293.38 11.74 59.33
4749 -265.18 -277.37 14.8 74.03
4750 -179.78 -137.83 16.95 85.73
4751 -165.43 -182.36 14.11 71.56
4752 -184.84 -174.18 16.57 83.74
4753 -170.1 -141.03 17.04 86.52
4754 -132.04 -336.44 15.43 77.58
4755 nan nan nan nan
4756 -149.12 -170.15 16.87 84.5
4757 -159.92 -155.74 14.78 74.1
4758 -196.45 -149.73 15.09 76.18
4759 -177.57 -157.49 17.03 85.48
4760 -108.37 -297.06 15.64 79.07
4761 -114.7 -324.39 16.24 81.7
4762 -157.73 -176.41 12.45 62.54
4763 -176.63 -168.58 16.48 83.01
4764 -117.68 -292.72 16.97 85.58
4765 nan nan nan nan
4766 -150.38 -160.42 17.51 86.63
4767 -137.56 -284.73 16.62 83.69
4768 -187.93 -144.43 17.62 88.02
4769 -109.52 -286.79 17.31 86.53
4770 -151.6 -149.66 17.14 85.54
4771 -144.76 -300.5 17.08 85.34
4772 -136.88 -294.61 16.69 84.58
4773 -161.37 -145.32 17.41 87.7
4774 -133.61 -315.8 16.35 81.13
4775 -185.81 -163.85 18.13 91.01
4776 -169.46 -151.37 16.27 81.82
4777 -123.91 -330.94 15.55 78.02
4778 -171.09 -131.65 17.72 88.72
4779 -152.4 -307.1 16.02 80.4
4780 -175.13 -188.31 16.14 81.49
4781 -178.95 -147.32 17.5 87.79
4782 nan nan nan nan
4783 -124.43 -320.2 16.43 81.8
4784 -158.11 -166.27 17.67 88.08
4785 -175.37 -178.28 17.31 86.57
4786 -116.16 -313.53 16.56 83.23
4787 -143.73 -311.58 16.64 83.68
4788 -127.91 -288.57 16.23 81.86
4789 -168.32 -162.16 17.65 89.39
4790 nan nan nan nan
4791 nan nan nan nan
4792 nan nan nan nan
4793 -116.72 -303.65 14.96 75.49
4794 -125.08 -309.88 16.96 84.91
4795 -107.07 -307.8 16.71 83.61
4796 -118.62 -283.26 16.72 84.01
4797 -162.05 -125.33 16.72 83.23
4798 -142.54 -321.75 16.12 80.34
4799 -167.08 -171.98 17.75 89.15
4800 nan nan nan nan
4801 -263.43 -208.22 16.74 84.48
4802 -243.32 -317.2 15.11 75.61
4803 -255.43 -291.98 15.56 78.55
4804 -217.1 -219.65 17.73 87.84
4805 -244.88 -207.17 15.42 77.7
4806 -224.68 -325.21 15.81 79.05
4807 -254.97 -192.74 14.24 72.03
4808 -233.52 -321.35 15.13 76.09
4809 -243.86 -217.15 16.64 84.11
4810 -204.4 -344.66 15.63 76.46
4811 -263.43 -199.27 15.28 76.84
4812 -254.67 -203.05 17.73 88.54
4813 -242.28 -237.77 16.89 85.3
4814 -226.38 -304.5 16.01 79.26
4815 -225.63 -215.37 17.79 88.73
4816 -246.56 -196.46 17.4 86.18
4817 -232.82 -332.36 15.4 77.11
4818 -237.61 -279.6 13.69 69.62
4819 -252.86 -223.31 16.96 84.55
4820 -246.44 -285.69 16.46 82.52
4821 -245.83 -295.92 15.0 76.16
4822 -238.78 -180.78 17.81 89.31
4823 -216.09 -318.63 16.28 81.57
4824 -272.31 -205.18 15.56 79.28
4825 -262.49 -309.1 14.73 74.16
4826 -227.54 -294.24 16.3 80.51
4827 -214.92 -330.4 15.29 77.68
4828 -236.52 -290.28 16.64 82.96
4829 -253.47 -212.76 16.84 84.12
4830 -244.49 -306.33 16.26 80.14
4831 -242.76 -227.23 16.62 83.01
4832 -250.74 -243.52 17.2 87.03
4833 -227.95 -205.06 17.1 85.78
4834 -252.75 -313.25 15.72 78.99
4835 -234.7 -310.97 15.21 76.32
4836 -263.52 -298.21 15.59 78.04
4837 -214.2 -339.98 14.67 72.94
4838 -236.75 -200.51 15.3 76.35
4839 -225.02 -226.06 16.62 83.18
4840 -234.38 -221.66 17.61 89.46
4841 -246.77 -186.43 15.67 78.79
4842 -237.46 -190.44 16.06 80.59
4843 -233.41 -231.84 13.85 70.6
4844 -225.32 -315.2 16.07 79.06
4845 -251.26 -233.49 16.74 84.26
4846 -253.85 -302.48 16.45 82.02
4847 -223.84 -336.21 15.25 75.56
4848 nan nan nan nan
4849 -235.92 -300.58 14.27 70.88
4850 -59.45 -161.11 17.97 89.41
4851 -26.95 -37.21 18.6 92.36
4852 -70.86 -136.18 18.07 88.7
4853 -67.53 -167.49 16.67 81.71
4854 -62.62 -130.34 18.02 89.46
4855 -40.29 -81.34 18.78 92.78
4856 -90.24 -127.79 18.86 93.0
4857 nan nan nan nan
4858 nan nan nan nan
4859 -24.95 -47.82 19.14 95.52
4860 -69.65 -146.49 17.9 89.14
4861 -49.96 -76.43 17.89 88.23
4862 -27.73 -27.47 18.58 91.54
4863 nan nan nan nan
4864 -56.27 -103.0 18.59 91.23
4865 -61.31 -140.73 18.36 89.76
4866 -73.21 -115.45 18.98 93.24
4867 -59.59 -150.61 17.85 89.21
4868 -44.55 -49.83 18.27 90.46
4869 -19.26 -21.67 18.89 92.95
4870 -68.34 -157.09 18.21 89.35
4871 -32.11 -74.68 19.25 94.99
4872 -47.84 -96.91 18.75 92.03
4873 -64.93 -108.82 18.95 92.94
4874 -78.12 -152.86 18.4 90.0
4875 -78.88 -142.86 17.64 87.84
4876 -51.54 -66.3 17.35 84.84
4877 -81.32 -132.44 18.73 92.54
4878 -53.35 -46.34 14.12 71.03
4879 -61.42 -51.96 17.78 88.95
4880 -54.74 -114.13 18.91 92.82
4881 -45.59 -117.44 16.87 82.71
4882 -53.57 -124.49 17.28 85.66
4883 -69.72 -57.77 18.45 91.89
4884 nan nan nan nan
4885 -49.58 -86.69 18.99 93.62
4886 -59.48 -72.59 18.51 91.37
4887 -81.84 -122.06 18.58 91.74
4888 nan nan nan nan
4889 -43.42 -60.74 19.16 95.28
4890 nan nan nan nan
4891 -57.3 -93.52 13.26 58.3
4892 -46.53 -107.34 18.02 89.37
4893 -72.29 -126.26 18.56 92.07
4894 -52.7 -134.19 18.09 88.99
4895 -32.8 -64.64 17.21 84.8
4896 -52.61 -55.45 16.74 83.92
4897 -60.92 -61.88 18.06 88.96
4898 -64.3 -119.55 18.94 93.2
4899 -38.7 -90.96 18.62 91.27
4900 nan nan nan nan
4901 -201.94 -186.52 17.22 86.51
4902 -229.66 -184.24 16.34 81.44
4903 -200.53 -196.88 17.55 86.87
4904 nan nan nan nan
4905 -151.02 -327.68 15.66 79.2
4906 -217.39 -209.58 17.33 86.07
4907 -191.74 -190.62 16.47 82.28
4908 -162.2 -302.71 16.61 82.86
4909 -176.07 -357.4 15.74 76.56
4910 -195.62 -337.75 15.1 75.15
4911 -211.05 -181.69 18.05 90.33
4912 -176.09 -347.05 15.24 75.38
4913 nan nan nan nan
4914 -160.16 -323.44 16.53 82.53
4915 -178.76 -325.73 15.5 77.73
4916 -194.4 -169.75 17.03 84.56
4917 -166.74 -350.7 12.82 63.98
4918 -188.16 -321.5 15.78 78.92
4919 -167.86 -340.43 16.2 79.98
4920 -203.77 -166.02 17.48 87.3
4921 -212.63 -171.93 16.84 83.94
4922 -204.48 -156.07 16.98 83.41
4923 -207.97 -213.2 14.03 71.1
4924 -220.96 -168.39 17.11 85.17
4925 -161.23 -313.69 15.96 79.22
4926 -169.35 -330.01 16.16 80.29
4927 -186.69 -332.31 15.86 78.56
4928 -170.09 -309.2 15.76 79.03
4929 -228.78 -194.59 16.27 81.16
4930 -221.25 -178.04 15.35 76.88
4931 -169.83 -319.25 16.54 82.29
4932 nan nan nan nan
