py/desispec/data/qa/qa-reference-tsnr2.ecsv
# %ECSV 0.9
# ---
# datatype:
# - {name: FIBER, datatype: int64}
# - {name: FIBERASSIGN_X, datatype: float64}
# - {name: FIBERASSIGN_Y, datatype: float64}
# - {name: TSNR2_LRG_BRIGHT, datatype: float64}
# - {name: TSNR2_LRG_DARK, datatype: float64}
# meta: {NIGHTMAX: 20210606, NIGHTMIN: 20210514}
# schema: astropy-2.0
FIBER FIBERASSIGN_X FIBERASSIGN_Y TSNR2_LRG_BRIGHT TSNR2_LRG_DARK
0 83.63 -286.39 14.82 74.65
1 59.21 -272.96 16.18 80.88
2 31.65 -270.26 15.6 77.18
3 0.54 -221.17 15.94 79.56
4 -20.02 -252.42 16.26 80.9
5 41.47 -239.83 16.12 78.48
6 14.77 -264.26 15.74 77.85
7 17.68 -226.96 15.93 78.63
8 73.08 -288.73 15.31 76.1
9 55.92 -284.01 15.56 77.7
10 7.66 -256.0 16.42 81.06
11 nan nan nan nan
12 -3.13 -230.98 16.26 81.48
13 14.16 -236.74 15.92 79.58
14 17.41 -253.8 15.91 80.12
15 31.19 -241.9 16.41 82.76
16 52.22 -265.96 16.05 78.8
17 21.02 -244.03 16.84 83.44
18 49.08 -275.71 16.64 83.54
19 69.6 -270.87 15.63 79.13
20 21.73 -271.83 16.81 83.17
21 -16.98 -216.12 17.43 88.1
22 48.01 -246.92 17.43 85.53
23 -5.8 -241.27 15.54 76.8
24 -13.3 -260.93 16.82 84.13
25 6.97 -229.02 17.63 89.17
26 79.4 -268.69 16.84 84.05
27 62.72 -263.29 17.34 86.93
28 -2.33 -258.65 16.63 82.37
29 24.4 -234.57 17.35 85.81
30 34.76 -232.2 16.99 84.25
31 -13.58 -232.95 17.34 87.03
32 25.36 -261.51 17.42 87.31
33 nan nan nan nan
34 10.86 -246.37 17.19 85.4
35 nan nan nan nan
36 33.96 -259.89 17.55 86.52
37 66.4 -253.45 18.37 91.69
38 76.52 -278.45 17.39 86.16
39 38.51 -277.75 15.57 78.57
40 -9.4 -250.95 17.21 84.51
41 3.99 -265.93 17.47 86.73
42 -16.33 -243.0 16.37 80.88
43 3.61 -238.42 17.82 88.14
44 45.7 -258.13 17.56 86.93
45 0.7 -248.11 17.5 86.06
46 72.73 -260.64 18.11 90.02
47 27.58 -251.65 17.85 87.18
48 -10.08 -222.96 18.1 91.93
49 nan nan nan nan
50 1.04 -276.36 14.48 71.45
51 35.28 -286.55 14.73 73.63
52 11.11 -273.91 14.79 73.75
53 49.55 -330.76 14.96 74.9
54 -18.67 -280.9 14.69 72.97
55 29.06 -307.0 14.87 73.41
56 -18.89 -308.23 14.75 72.77
57 31.93 -297.57 14.87 73.77
58 14.96 -291.15 14.79 73.88
59 45.88 -312.71 14.66 74.56
60 15.39 -318.87 15.54 77.71
61 8.99 -312.04 14.49 71.89
62 -6.19 -268.5 15.62 77.84
63 8.24 -283.49 14.36 71.78
64 35.44 -314.64 14.79 73.76
65 32.61 -325.02 14.5 71.83
66 53.13 -320.53 15.01 75.67
67 -32.76 -292.46 14.53 71.02
68 -35.69 -302.52 15.06 75.54
69 -1.89 -286.04 14.69 73.14
70 -15.18 -298.51 15.4 75.46
71 46.14 -284.87 15.02 75.59
72 22.11 -299.27 15.05 75.12
73 nan nan nan nan
74 -5.85 -295.65 14.64 73.21
75 25.51 -288.97 15.14 74.94
76 -21.98 -290.65 16.38 79.92
77 -35.8 -275.24 17.02 83.33
78 49.86 -303.21 16.99 85.85
79 -2.34 -313.96 15.78 77.53
80 39.46 -305.63 16.91 84.71
81 18.17 -281.91 17.58 87.17
82 nan nan nan nan
83 -15.91 -270.48 17.09 83.84
84 12.04 -301.47 16.39 80.79
85 -25.42 -300.51 16.67 83.55
86 18.97 -309.0 16.95 82.93
87 -23.19 -262.72 17.21 86.06
88 -26.37 -272.66 17.84 88.98
89 -33.0 -265.32 16.24 79.62
90 28.62 -279.88 16.7 82.49
91 -29.21 -282.63 16.85 83.22
92 25.74 -317.04 16.92 84.54
93 -8.91 -306.25 16.61 82.18
94 43.13 -322.38 17.23 85.51
95 39.2 -332.32 17.4 86.85
96 -12.34 -288.47 16.99 83.76
97 -8.93 -278.43 17.21 86.12
98 52.96 -293.18 16.87 84.18
99 5.49 -293.46 17.11 86.26
100 30.44 -187.1 17.18 84.81
101 34.27 -204.41 17.81 88.43
102 47.78 -220.66 17.04 83.57
103 59.29 -245.4 15.62 77.04
104 -15.17 -122.39 17.31 85.22
105 1.47 -101.48 17.13 84.95
106 27.21 -224.23 15.95 79.61
107 -25.86 -125.23 17.86 87.87
108 -11.12 -141.27 16.71 82.09
109 -1.66 -138.8 17.09 83.9
110 51.32 -182.66 17.38 85.47
111 -25.67 -97.84 17.2 84.92
112 52.02 -237.79 17.39 85.98
113 69.24 -243.08 16.85 83.52
114 -12.52 -113.26 17.92 88.64
115 40.82 -212.54 17.28 85.92
116 51.37 -210.43 17.35 85.36
117 31.21 -215.59 17.73 87.81
118 33.46 -177.35 17.71 86.9
119 -5.34 -121.11 17.75 86.45
120 54.79 -200.34 16.76 83.04
121 nan nan nan nan
122 -38.44 -137.72 17.8 89.01
123 26.97 -197.18 16.57 82.01
124 -35.37 -128.15 18.23 90.35
125 -28.83 -108.29 17.59 87.22
126 1.36 -128.37 17.62 86.41
127 -9.33 -103.63 14.82 73.14
128 60.94 -209.24 16.43 81.23
129 -19.2 -105.57 18.16 91.39
130 47.37 -192.41 17.73 87.67
131 -22.2 -115.38 17.44 86.81
132 -31.64 -118.27 18.75 93.49
133 55.37 -228.03 16.79 82.84
134 44.8 -229.95 16.84 82.83
135 -7.92 -130.97 17.43 85.17
136 44.15 -202.95 17.78 87.49
137 4.94 -118.85 17.17 84.33
138 -16.39 -95.51 18.36 89.04
139 38.27 -222.63 17.42 86.13
140 62.11 -235.01 17.43 85.88
141 -28.74 -135.53 17.68 88.32
142 -15.14 -151.01 17.37 86.02
143 -4.96 -148.13 17.23 83.75
144 65.58 -225.55 16.78 83.59
145 40.9 -185.28 18.0 89.14
146 58.02 -217.99 17.43 86.43
147 -22.26 -142.77 17.72 87.85
148 37.7 -195.25 18.15 90.22
149 -1.67 -110.81 18.0 89.18
150 9.47 -339.77 16.26 80.39
151 -8.12 -361.87 15.68 77.26
152 nan nan nan nan
153 -34.94 -358.09 15.95 77.44
154 12.76 -356.73 15.85 79.29
155 5.7 -321.03 16.55 81.07
156 -21.67 -317.56 15.49 77.01
157 -8.11 -333.99 16.18 80.49
158 nan nan nan nan
159 -42.3 -350.49 16.35 81.24
160 -11.49 -343.62 16.31 80.41
161 23.08 -354.66 16.42 80.61
162 22.29 -327.12 15.78 78.29
163 -21.18 -345.92 15.66 77.22
164 -24.91 -356.0 15.82 78.02
165 32.6 -352.93 15.96 78.11
166 -39.37 -312.17 16.79 83.98
167 -1.55 -342.17 16.19 80.95
168 nan nan nan nan
169 26.44 -373.32 16.05 79.49
170 -25.07 -327.78 16.07 80.87
171 9.67 -366.65 15.64 78.45
172 -34.9 -329.46 16.82 83.85
173 -18.66 -336.07 16.35 82.68
174 -5.49 -323.19 16.17 80.09
175 -28.86 -310.4 16.11 79.42
176 nan nan nan nan
177 19.87 -365.14 15.85 78.41
178 -4.78 -351.01 15.72 78.15
179 nan nan nan nan
180 19.01 -337.07 15.97 79.32
181 -14.82 -353.6 16.07 79.59
182 -14.88 -325.58 16.29 81.33
183 6.03 -348.93 16.1 79.8
184 16.41 -375.12 15.67 78.09
185 -49.46 -342.88 15.51 76.62
186 16.09 -347.11 14.15 70.16
187 29.6 -362.64 15.56 78.06
188 12.79 -329.68 16.04 79.91
189 6.25 -377.29 14.71 72.43
190 -28.6 -337.71 15.8 78.35
191 29.86 -390.72 14.71 73.17
192 23.73 -382.72 13.5 68.04
193 -32.03 -320.27 16.37 80.02
194 36.41 -342.73 15.54 76.63
195 -18.08 -364.1 15.6 77.39
196 29.66 -335.3 15.76 78.21
197 -42.03 -322.2 16.81 83.28
198 2.52 -359.18 15.98 79.31
199 -31.85 -348.57 16.63 82.06
200 -51.38 -232.63 16.33 81.21
201 79.92 -324.44 15.92 79.38
202 -47.29 -249.58 15.89 80.37
203 -26.23 -245.32 16.92 84.95
204 63.37 -318.91 15.76 78.32
205 -23.55 -235.34 17.11 85.59
206 nan nan nan nan
207 -53.84 -242.5 16.38 81.68
208 -57.64 -224.4 16.19 80.67
209 70.34 -299.04 15.85 79.27
210 -61.34 -206.91 16.37 83.15
211 70.29 -326.46 16.2 81.47
212 -57.75 -197.57 16.08 79.55
213 62.21 -291.11 16.32 81.71
214 -26.69 -217.21 15.95 81.11
215 -44.35 -240.19 16.49 82.73
216 82.75 -314.75 15.79 79.41
217 79.55 -296.13 16.13 80.43
218 -55.18 -214.48 16.53 82.99
219 nan nan nan nan
220 -48.05 -221.77 16.52 82.83
221 -67.79 -226.87 16.81 83.25
222 87.22 -331.52 15.69 78.93
223 94.4 -312.66 16.43 81.03
224 73.88 -316.13 16.06 79.87
225 60.15 -328.05 16.49 83.11
226 -64.55 -216.97 16.45 81.68
227 73.96 -343.88 15.81 78.66
228 76.52 -334.38 15.85 79.73
229 98.2 -329.55 15.92 78.16
230 -33.64 -238.0 16.71 82.95
231 nan nan nan nan
232 76.95 -306.79 15.48 77.87
233 nan nan nan nan
234 -44.45 -211.75 16.52 81.48
235 59.41 -300.29 16.57 83.02
236 -33.65 -209.67 16.64 83.06
237 -30.62 -255.04 15.14 75.46
238 83.44 -342.36 15.51 77.38
239 -29.39 -227.94 16.46 82.34
240 -51.51 -204.52 16.63 83.31
241 56.6 -310.88 16.21 81.29
242 -20.23 -225.41 16.67 83.49
243 -36.94 -247.33 16.34 82.15
244 67.2 -336.06 16.26 80.54
245 -70.97 -236.14 16.09 79.6
246 56.46 -337.88 14.77 73.75
247 nan nan nan nan
248 65.97 -308.62 16.4 83.11
249 90.86 -321.83 16.02 80.37
250 13.45 -182.1 16.04 81.73
251 16.98 -171.94 16.83 84.08
252 -17.17 -188.57 17.09 86.72
253 -24.21 -180.61 17.26 86.51
254 -51.67 -176.78 17.11 86.05
255 2.41 -184.18 16.09 81.37
256 -9.99 -195.32 16.04 81.15
257 -41.89 -147.01 14.4 71.26
258 -48.1 -194.14 18.12 89.85
259 -24.79 -153.06 17.41 87.67
260 -6.23 -213.72 19.81 98.55
261 -38.06 -192.76 19.25 95.63
262 -10.88 -168.15 19.44 96.22
263 -35.47 -154.87 19.29 95.14
264 -0.77 -193.71 19.52 95.23
265 -41.75 -175.21 19.22 95.34
266 -30.92 -200.25 19.49 96.67
267 -17.89 -160.53 19.63 97.2
268 -48.13 -167.4 19.65 97.88
269 -21.66 -170.8 19.99 98.49
270 -54.66 -187.01 19.54 97.76
271 -44.52 -184.77 19.24 95.02
272 16.59 -198.79 18.62 92.26
273 -31.79 -172.46 19.55 97.17
274 -24.71 -207.82 20.14 99.47
275 nan nan nan nan
276 -27.68 -189.89 19.32 95.13
277 -1.51 -165.67 20.21 98.8
278 nan nan nan nan
279 -34.57 -182.16 19.79 97.51
280 23.35 -179.29 19.43 95.12
281 6.92 -201.74 19.51 97.66
282 -38.79 -164.77 19.66 96.14
283 3.59 -211.15 19.22 95.89
284 9.1 -163.7 20.37 100.01
285 -41.49 -202.1 19.33 96.32
286 20.51 -217.19 18.64 92.02
287 10.24 -218.99 19.73 97.8
288 10.43 -191.6 20.24 99.37
289 -14.67 -178.26 19.52 97.11
290 -28.42 -162.35 19.33 96.33
291 -45.12 -157.02 19.79 97.21
292 13.46 -208.84 19.05 93.82
293 -4.0 -175.73 18.48 91.9
294 nan nan nan nan
295 -3.42 -203.24 19.27 95.63
296 20.26 -189.16 19.2 93.65
297 -32.06 -145.06 18.41 91.21
298 -7.29 -185.67 19.09 95.69
299 -21.14 -197.68 19.51 96.88
300 -112.81 -366.21 17.49 86.27
301 -116.47 -376.28 16.03 80.95
302 -72.42 -356.36 17.57 87.43
303 -89.68 -379.19 16.98 85.13
304 -99.98 -353.13 16.81 84.27
305 -103.38 -363.46 16.69 82.53
306 -51.85 -352.44 17.77 88.13
307 -86.0 -368.95 17.37 86.22
308 -40.82 -377.78 17.71 87.63
309 -93.46 -333.47 17.54 89.31
310 -86.4 -341.29 17.71 89.04
311 -92.09 -389.03 16.44 81.28
312 -68.76 -373.95 17.25 84.53
313 -82.23 -358.86 16.76 82.67
314 -96.56 -371.49 17.35 86.25
315 -82.94 -331.18 17.88 89.16
316 -106.3 -345.67 17.62 89.0
317 -65.47 -393.17 17.05 83.2
318 -62.31 -354.38 18.06 88.41
319 -75.26 -395.31 16.64 82.99
320 -75.51 -366.47 15.14 75.27
321 -84.88 -397.18 16.61 82.64
322 -47.27 -370.07 17.29 85.14
323 -54.93 -390.8 17.43 85.52
324 -79.49 -348.72 17.85 88.3
325 -109.68 -355.86 17.24 85.35
326 -88.9 -350.36 17.79 89.0
327 -44.6 -388.52 17.0 84.5
328 -82.28 -387.28 16.31 79.52
329 -44.87 -359.94 16.86 83.87
330 -96.89 -343.25 17.21 86.08
331 -103.35 -336.39 17.12 85.45
332 nan nan nan nan
333 -119.71 -386.79 16.44 79.51
334 nan nan nan nan
335 -55.2 -362.13 18.04 89.44
336 -48.27 -397.65 16.42 81.9
337 -69.31 -346.74 17.02 85.0
338 -71.92 -385.12 16.9 82.16
339 -103.43 -390.97 15.9 78.17
340 -99.45 -381.14 16.81 82.59
341 -76.52 -338.87 17.25 84.73
342 -65.42 -364.78 16.7 83.21
343 -109.47 -383.69 15.69 77.96
344 -37.84 -368.38 18.0 89.33
345 -58.03 -400.78 16.4 81.5
346 -62.31 -382.41 16.82 83.38
347 -58.27 -371.81 16.97 83.68
348 -106.54 -373.36 16.9 84.49
349 nan nan nan nan
350 -73.9 -246.47 18.37 91.66
351 40.09 -360.46 17.4 85.85
352 -80.22 -266.5 18.41 92.05
353 40.28 -388.59 17.05 84.88
354 -57.19 -251.92 18.06 91.01
355 -40.34 -256.97 18.23 91.58
356 57.65 -394.17 17.64 87.63
357 46.67 -340.28 15.46 76.35
358 53.75 -376.47 17.71 86.83
359 nan nan nan nan
360 -60.68 -261.6 18.5 92.16
361 nan nan nan nan
362 56.9 -366.79 16.84 83.58
363 61.08 -384.27 16.91 83.79
364 47.43 -368.17 17.98 89.45
365 nan nan nan nan
366 -53.72 -268.57 18.88 94.28
367 nan nan nan nan
368 nan nan nan nan
369 -50.35 -258.96 16.55 82.87
370 -67.57 -254.4 18.16 90.1
371 -70.51 -263.96 17.97 89.41
372 36.72 -370.4 17.93 89.79
373 43.28 -378.73 17.47 87.08
374 nan nan nan nan
375 -77.06 -256.87 18.58 92.88
376 nan nan nan nan
377 -73.44 -273.17 17.17 84.96
378 nan nan nan nan
379 71.1 -381.76 17.24 85.21
380 53.73 -348.44 17.88 87.87
381 -39.45 -285.58 18.01 89.29
382 -63.78 -271.19 18.82 94.19
383 -84.13 -275.64 18.89 92.89
384 -59.99 -289.41 18.51 91.67
385 nan nan nan nan
386 80.44 -352.41 17.91 88.57
387 33.35 -380.53 16.55 82.66
388 nan nan nan nan
389 71.03 -354.03 18.43 90.61
390 -53.07 -297.54 18.58 91.63
391 64.1 -374.59 17.7 87.52
392 nan nan nan nan
393 -66.96 -281.0 17.9 89.96
394 60.04 -356.45 18.02 89.94
395 -50.12 -287.62 18.12 89.81
396 50.58 -358.93 17.7 87.32
397 50.79 -386.3 17.64 87.74
398 67.89 -392.57 16.95 83.12
399 -43.01 -294.83 17.6 88.36
400 -2.54 -28.3 19.45 96.14
401 -9.67 -48.75 18.69 92.99
402 14.7 -89.1 18.83 93.95
403 0.14 -46.04 19.57 97.99
404 11.09 -99.33 19.03 93.74
405 nan nan nan nan
406 44.6 -175.24 18.69 92.11
407 19.66 -133.65 19.49 96.23
408 26.66 -170.14 18.82 92.15
409 22.09 -96.25 19.14 95.53
410 nan nan nan nan
411 26.12 -141.27 19.55 95.82
412 -2.69 -56.25 17.96 90.17
413 32.97 -150.05 18.77 92.67
414 nan nan nan nan
415 7.05 -81.84 19.26 95.65
416 -13.07 -85.16 18.36 90.97
417 4.16 -63.58 19.82 98.73
418 -2.76 -83.15 19.74 99.01
419 nan nan nan nan
420 3.67 -35.95 19.81 97.44
421 2.17 -156.28 19.3 95.27
422 nan nan nan nan
423 25.68 -113.51 19.81 98.89
424 0.34 -73.38 20.29 101.21
425 29.06 -131.31 19.76 97.88
426 19.05 -106.22 18.97 93.49
427 -13.01 -58.54 19.12 94.46
428 nan nan nan nan
429 -19.29 -78.18 18.5 92.24
430 32.85 -122.6 18.76 93.15
431 -6.09 -65.9 19.63 97.72
432 -9.66 -75.66 19.4 95.87
433 30.28 -159.08 18.63 92.48
434 12.17 -126.14 20.04 98.88
435 47.31 -164.92 19.17 93.92
436 11.73 -153.9 17.06 84.36
437 -16.17 -68.85 18.88 93.94
438 8.56 -109.37 18.32 91.94
439 nan nan nan nan
440 15.21 -116.64 20.35 99.14
441 4.89 -146.84 19.51 96.42
442 4.83 -91.46 19.98 98.47
443 nan nan nan nan
444 40.17 -156.43 20.06 99.68
445 21.97 -124.23 19.94 97.01
446 -22.56 -88.2 19.52 96.96
447 7.4 -53.2 20.03 99.7
448 10.8 -70.9 19.7 97.84
449 -6.71 -38.91 19.52 96.48
450 -89.73 -323.06 17.94 91.26
451 -11.0 -371.37 17.96 88.66
452 -56.1 -334.96 14.12 71.12
453 -87.26 -314.03 18.35 92.07
454 -59.16 -316.68 18.21 91.61
455 -100.1 -325.94 17.79 90.34
456 -73.15 -329.2 18.48 93.48
457 -83.55 -304.1 19.09 95.63
458 nan nan nan nan
459 27.16 -400.84 16.92 83.74
460 -90.24 -296.55 19.02 96.06
461 -16.71 -391.81 17.06 84.43
462 -76.99 -311.3 17.37 88.0
463 -21.07 -373.23 17.44 87.57
464 -93.12 -306.31 16.44 82.98
465 -10.59 -399.46 17.32 86.22
466 -6.77 -389.81 14.37 74.0
467 -56.54 -306.61 17.32 87.5
468 -81.49 -293.68 18.53 92.01
469 13.21 -384.41 17.54 86.91
470 -3.66 -407.84 16.29 80.16
471 17.32 -404.21 16.31 81.34
472 -52.98 -324.2 18.8 93.54
473 -62.7 -326.92 18.84 94.77
474 nan nan nan nan
475 -86.98 -286.47 19.02 94.89
476 nan nan nan nan
477 nan nan nan nan
478 36.89 -398.97 17.01 85.31
479 -13.67 -381.46 17.38 85.12
480 -28.08 -365.66 17.7 89.25
481 -69.83 -318.79 17.87 89.08
482 -46.22 -304.5 17.62 87.28
483 -4.03 -379.01 17.57 88.21
484 -37.87 -395.62 16.78 83.32
485 6.74 -405.65 15.81 78.9
486 -96.44 -316.02 18.84 95.12
487 -31.53 -375.54 17.91 88.5
488 -80.05 -320.93 18.92 93.9
489 nan nan nan nan
490 -27.04 -393.89 17.2 85.17
491 2.88 -386.89 17.76 87.35
492 -66.26 -336.83 19.17 94.65
493 -63.17 -299.76 18.73 93.63
494 -49.29 -314.86 18.78 94.17
495 20.44 -392.09 17.34 86.02
496 -0.86 -397.54 16.85 82.07
497 -19.88 -402.29 16.63 82.7
498 -59.31 -344.63 18.33 91.71
499 -34.79 -386.46 17.38 85.79
500 136.3 -374.95 14.52 71.03
501 126.77 -344.66 16.95 83.79
502 151.66 -331.51 16.96 84.2
503 126.93 -372.0 16.16 79.63
504 174.86 -318.2 17.86 87.93
505 nan nan nan nan
506 164.86 -371.77 15.48 75.9
507 134.1 -337.1 17.14 85.78
508 153.19 -369.14 15.91 78.75
509 nan nan nan nan
510 129.94 -382.28 14.83 72.62
511 nan nan nan nan
512 117.16 -341.8 17.19 85.34
513 185.36 -320.06 15.75 77.04
514 123.96 -334.7 17.76 88.09
515 160.82 -361.58 16.57 81.21
516 167.67 -353.6 16.17 80.22
517 157.63 -351.04 16.76 82.29
518 nan nan nan nan
519 114.69 -331.58 15.61 77.57
520 174.99 -346.06 17.05 83.89
521 140.12 -356.56 17.8 86.71
522 146.85 -377.28 16.01 78.01
523 171.26 -363.7 16.31 80.94
524 178.39 -356.12 17.22 85.45
525 nan nan nan nan
526 141.38 -329.07 16.22 80.35
527 nan nan nan nan
528 133.58 -364.75 16.18 79.84
529 150.95 -359.47 16.23 81.89
530 137.52 -346.69 16.09 79.77
531 nan nan nan nan
532 130.36 -354.5 16.22 81.03
533 177.98 -327.99 16.55 80.5
534 nan nan nan nan
535 192.52 -340.65 16.48 80.58
536 nan nan nan nan
537 nan nan nan nan
538 185.27 -348.26 15.87 78.09
539 nan nan nan nan
540 154.55 -340.82 16.46 80.67
541 158.14 -323.65 16.86 82.91
542 nan nan nan nan
543 181.72 -338.42 16.46 80.87
544 137.81 -319.3 15.99 79.94
545 nan nan nan nan
546 127.86 -316.99 16.46 81.75
547 144.37 -339.09 16.05 81.05
548 147.52 -321.3 14.06 70.27
549 164.59 -343.07 15.62 77.32
550 104.84 -246.89 18.11 90.51
551 248.14 -250.03 17.84 88.09
552 285.39 -277.89 16.41 82.25
553 241.5 -258.0 18.39 92.04
554 nan nan nan nan
555 nan nan nan nan
556 257.92 -280.32 18.06 89.59
