py/desispec/data/qa/qa-reference-tsnr2.ecsv
# %ECSV 0.9
# ---
# datatype:
# - {name: FIBER, datatype: int64}
# - {name: FIBERASSIGN_X, datatype: float64}
# - {name: FIBERASSIGN_Y, datatype: float64}
# - {name: TSNR2_LRG_BRIGHT, datatype: float64}
# - {name: TSNR2_LRG_DARK, datatype: float64}
# meta: {NIGHTMAX: 20210606, NIGHTMIN: 20210514}
# schema: astropy-2.0
FIBER FIBERASSIGN_X FIBERASSIGN_Y TSNR2_LRG_BRIGHT TSNR2_LRG_DARK
[from data line 1661]
1661 273.07 50.31 18.62 92.88
1662 267.96 113.44 19.06 94.37
1663 277.91 95.7 17.47 87.01
1664 299.34 131.23 18.61 93.67
1665 293.72 122.53 18.81 94.0
1666 298.53 59.49 18.87 93.53
1667 262.6 122.45 18.73 94.43
1668 283.18 104.72 18.51 93.59
1669 293.68 104.6 19.22 95.61
1670 297.95 76.68 18.69 93.52
1671 262.58 68.39 19.31 95.16
1672 278.02 59.92 20.46 100.49
1673 288.1 113.31 18.87 94.66
1674 278.05 77.8 19.05 94.72
1675 256.81 77.83 17.63 88.8
1676 299.07 149.79 18.09 90.99
1677 nan nan nan nan
1678 288.26 96.13 17.48 87.52
1679 nan nan nan nan
1680 288.14 77.11 19.22 95.56
1681 262.47 140.59 18.73 94.59
1682 293.13 86.67 18.71 92.52
1683 nan nan nan nan
1684 273.17 122.52 18.42 91.96
1685 nan nan nan nan
1686 288.24 131.65 18.51 93.08
1687 283.1 140.18 18.84 93.62
1688 262.31 86.41 18.72 92.92
1689 304.12 140.88 18.51 92.01
1690 257.41 131.26 19.28 96.18
1691 288.42 149.22 16.61 83.51
1692 283.12 68.09 17.82 88.14
1693 256.96 113.38 19.49 97.9
1694 272.9 140.87 19.19 96.2
1695 288.08 59.7 19.12 95.63
1696 283.36 122.27 19.11 95.22
1697 283.12 86.24 19.26 96.34
1698 267.73 59.13 18.69 92.3
1699 267.86 131.59 19.21 96.94
1700 173.57 113.75 17.92 88.32
1701 189.71 104.66 17.62 86.2
1702 117.03 14.37 19.29 95.16
1703 127.18 13.62 19.57 96.95
1704 nan nan nan nan
1705 nan nan nan nan
1706 106.19 14.11 19.44 97.05
1707 132.35 5.91 20.57 101.17
1708 101.29 5.03 19.58 97.27
1709 194.76 131.62 18.68 92.02
1710 184.08 113.99 18.69 93.26
1711 111.28 41.21 20.51 101.21
1712 nan nan nan nan
1713 194.76 96.21 19.3 95.06
1714 189.24 122.57 19.06 95.69
1715 148.25 32.53 20.43 101.67
1716 111.49 5.52 20.49 102.54
1717 121.71 41.28 19.62 97.21
1718 101.41 23.12 19.52 95.99
1719 nan nan nan nan
1720 143.21 41.63 12.03 60.02
1721 121.97 23.32 20.17 99.74
1722 179.82 105.39 19.26 94.82
1723 167.98 86.5 19.13 93.73
1724 210.25 122.49 18.12 90.19
1725 215.65 131.97 17.91 88.92
1726 199.77 123.27 18.75 94.12
1727 204.23 113.58 17.53 85.77
1728 205.49 95.89 18.9 94.73
1729 142.34 23.45 19.31 95.95
1730 141.81 5.13 18.64 92.58
1731 209.88 141.14 17.81 88.49
1732 111.43 23.71 19.19 93.58
1733 205.24 132.01 18.41 91.12
1734 nan nan nan nan
1735 137.24 14.7 18.74 92.15
1736 nan nan nan nan
1737 199.85 103.88 19.32 96.3
1738 95.62 13.79 19.83 97.27
1739 194.57 113.6 18.56 93.4
1740 137.43 32.05 19.84 97.72
1741 179.54 122.02 18.56 91.12
1742 132.2 23.3 19.05 93.3
1743 105.73 32.8 17.0 83.27
1744 nan nan nan nan
1745 nan nan nan nan
1746 157.93 87.13 19.94 98.62
1747 116.59 32.33 19.83 97.84
1748 179.71 86.74 18.97 94.66
1749 nan nan nan nan
1750 361.72 95.7 18.31 91.7
1751 335.89 32.7 18.56 92.7
1752 346.33 50.55 18.69 93.63
1753 303.57 32.56 19.09 94.19
1754 314.44 13.76 19.07 94.06
1755 314.05 50.51 18.85 93.58
1756 nan nan nan nan
1757 341.58 5.56 18.24 90.43
1758 nan nan nan nan
1759 367.18 86.5 17.97 89.62
1760 304.19 14.44 19.37 94.71
1761 308.96 41.96 18.66 93.41
1762 nan nan nan nan
1763 nan nan nan nan
1764 nan nan nan nan
1765 330.22 5.54 18.44 91.96
1766 nan nan nan nan
1767 356.99 87.19 16.31 81.81
1768 nan nan nan nan
1769 330.97 41.43 17.21 85.98
1770 304.0 50.6 18.14 89.81
1771 309.06 23.1 18.35 91.05
1772 nan nan nan nan
1773 nan nan nan nan
1774 356.93 104.77 17.93 90.59
1775 299.2 5.62 18.6 93.16
1776 340.18 41.49 18.53 91.5
1777 nan nan nan nan
1778 319.01 41.49 16.57 82.71
1779 314.26 32.72 18.19 89.71
1780 330.25 23.27 18.1 89.26
1781 382.65 95.04 17.46 87.92
1782 nan nan nan nan
1783 nan nan nan nan
1784 nan nan nan nan
1785 309.95 5.96 18.45 91.36
1786 320.19 5.58 18.52 92.17
1787 nan nan nan nan
1788 372.27 131.46 16.64 83.82
1789 366.72 104.74 14.99 76.4
1790 nan nan nan nan
1791 324.75 13.95 18.44 93.31
1792 377.5 103.43 16.83 83.44
1793 362.92 132.12 17.03 85.41
1794 nan nan nan nan
1795 387.84 86.19 16.4 83.02
1796 368.12 158.41 15.23 79.0
1797 335.55 50.44 17.47 86.97
1798 372.58 95.75 17.46 87.73
1799 nan nan nan nan
1800 nan nan nan nan
1801 nan nan nan nan
1802 194.28 77.64 18.92 94.67
1803 189.8 32.51 18.08 90.27
1804 174.16 77.21 19.39 97.03
1805 190.0 68.55 18.82 92.74
1806 200.47 14.24 18.08 89.88
1807 184.29 77.84 18.21 90.71
1808 153.35 23.01 19.87 98.21
1809 204.84 23.67 18.63 91.92
1810 168.3 32.65 18.82 92.81
1811 189.1 86.4 18.6 92.38
1812 162.94 59.42 18.76 92.96
1813 158.12 68.76 19.21 94.29
1814 194.55 40.86 18.45 90.81
1815 184.11 40.97 19.0 94.09
1816 178.98 50.47 19.46 96.69
1817 153.75 5.22 19.65 96.8
1818 195.04 23.95 19.02 93.82
1819 204.99 41.58 19.23 94.91
1820 205.28 59.13 19.06 93.13
1821 163.37 23.7 19.78 98.16
1822 183.74 59.84 15.99 80.44
1823 163.7 77.21 18.29 90.26
1824 158.56 14.34 19.32 96.28
1825 153.27 59.44 19.14 94.88
1826 nan nan nan nan
1827 184.71 23.13 18.63 92.45
1828 nan nan nan nan
1829 158.21 32.91 14.49 72.62
1830 200.22 68.03 17.75 88.17
1831 168.47 68.36 18.88 94.71
1832 184.27 5.51 19.13 94.89
1833 189.99 14.11 19.06 93.79
1834 173.87 59.68 18.99 94.16
1835 nan nan nan nan
1836 nan nan nan nan
1837 204.85 77.08 18.49 91.43
1838 nan nan nan nan
1839 163.82 5.63 18.89 93.65
1840 163.56 41.13 18.8 92.79
1841 194.6 5.94 18.24 90.84
1842 178.98 68.4 18.49 92.44
1843 173.48 41.77 18.1 89.89
1844 nan nan nan nan
1845 173.76 22.77 18.89 93.83
1846 168.77 50.76 19.14 95.13
1847 179.02 14.15 17.19 86.23
1848 178.62 32.16 19.25 96.51
1849 199.73 50.75 18.99 93.88
1850 299.15 41.16 17.97 89.53
1851 314.62 158.34 16.83 84.8
1852 362.66 168.35 16.7 85.29
1853 267.9 23.28 18.56 91.87
1854 nan nan nan nan
1855 356.51 158.42 17.12 86.35
1856 nan nan nan nan
1857 288.35 5.9 19.18 95.33
1858 287.97 41.34 18.69 92.82
1859 268.11 41.22 17.48 87.35
1860 335.68 176.79 17.8 90.3
1861 325.18 158.5 17.72 89.99
1862 293.5 32.4 18.69 93.26
1863 nan nan nan nan
1864 310.66 185.4 17.71 89.35
1865 357.83 177.36 16.88 85.31
1866 nan nan nan nan
1867 nan nan nan nan
1868 nan nan nan nan
1869 288.71 23.77 17.92 89.34
1870 351.48 149.61 17.74 88.42
1871 278.13 23.14 18.91 93.19
1872 nan nan nan nan
1873 340.84 167.55 17.02 85.38
1874 262.54 32.53 18.8 93.03
1875 262.4 14.1 18.94 93.64
1876 278.24 41.27 18.48 91.57
1877 283.07 14.49 19.17 94.98
1878 352.16 185.44 16.11 81.53
1879 293.37 50.72 18.85 93.69
1880 278.04 5.43 18.71 92.84
1881 293.76 14.34 19.04 94.65
1882 320.22 149.79 16.05 80.36
1883 298.68 23.56 18.82 93.21
1884 283.49 32.58 18.2 91.86
1885 252.32 14.07 19.55 95.79
1886 308.98 167.84 16.15 81.21
1887 346.05 177.37 17.48 87.34
1888 272.69 32.43 18.37 91.1
1889 345.89 158.59 17.12 86.35
1890 nan nan nan nan
1891 330.84 166.84 17.28 86.29
1892 nan nan nan nan
1893 341.04 148.86 17.76 88.4
1894 341.08 185.28 16.57 83.51
1895 283.56 49.95 18.74 92.73
1896 257.2 41.73 19.07 94.68
1897 335.49 158.26 17.92 90.03
1898 256.59 5.41 12.96 65.75
1899 273.05 14.25 18.82 92.48
1900 241.55 68.42 18.55 91.15
1901 210.72 51.02 18.06 88.37
1902 220.48 122.71 17.82 88.23
1903 209.98 87.13 17.9 88.79
1904 215.2 59.54 18.36 91.49
1905 nan nan nan nan
1906 225.75 113.76 17.7 88.06
1907 231.37 104.69 17.45 87.85
1908 236.38 113.97 17.97 88.98
1909 nan nan nan nan
1910 225.86 149.84 17.25 85.66
1911 221.39 86.96 18.66 92.26
1912 236.45 149.38 17.91 89.16
1913 230.93 158.72 17.44 85.95
1914 230.71 122.68 18.14 89.67
1915 225.63 131.89 17.69 88.83
1916 225.41 95.44 17.82 88.54
1917 252.19 68.21 17.77 87.36
1918 210.59 104.72 18.06 88.29
1919 nan nan nan nan
1920 220.91 104.54 17.78 87.34
1921 231.36 140.58 17.83 88.11
1922 251.36 123.01 17.51 86.51
1923 247.08 131.67 16.42 82.5
1924 226.07 76.9 18.49 91.41
1925 246.83 113.55 17.99 88.59
1926 246.7 167.12 17.44 88.14
1927 240.58 86.9 17.94 87.87
1928 215.12 95.27 18.42 91.85
1929 252.52 104.29 18.77 93.55
1930 215.71 113.13 18.25 90.72
1931 220.7 141.44 17.52 86.12
1932 nan nan nan nan
1933 230.92 86.64 18.11 88.97
1934 246.63 95.79 17.94 88.83
1935 241.15 140.67 17.83 88.06
1936 241.63 104.67 18.29 90.49
1937 246.59 59.73 18.19 89.73
1938 nan nan nan nan
1939 230.74 67.95 17.79 86.26
1940 236.28 131.47 18.44 91.19
1941 221.23 68.1 18.84 92.72
1942 210.05 68.49 14.92 75.46
1943 241.72 122.56 18.5 92.31
1944 251.93 140.49 18.29 90.45
1945 251.8 86.66 18.38 92.86
1946 236.56 60.1 18.76 91.63
1947 225.72 59.04 18.8 92.75
1948 236.0 77.46 17.56 86.72
1949 nan nan nan nan
1950 329.94 76.96 18.35 89.81
1951 341.33 113.39 17.94 88.26
1952 324.8 86.18 16.75 83.31
1953 345.89 140.93 16.99 84.52
1954 346.46 86.59 18.39 89.54
1955 309.48 94.45 18.29 89.41
1956 319.29 59.73 18.31 90.12
1957 325.43 140.45 18.29 90.22
1958 320.0 131.4 18.44 92.14
1959 314.37 104.14 18.52 91.73
1960 309.15 77.18 18.37 90.71
1961 304.22 104.94 17.34 86.22
1962 nan nan nan nan
1963 346.45 123.01 17.21 85.1
1964 nan nan nan nan
1965 nan nan nan nan
1966 309.02 58.77 17.67 87.33
1967 330.28 59.79 16.47 81.98
1968 351.62 95.43 17.92 88.79
1969 346.38 105.05 17.49 86.35
1970 314.68 122.37 17.22 85.36
1971 319.36 95.45 18.46 91.2
1972 330.43 132.18 17.5 86.64
1973 350.97 112.91 17.71 88.9
1974 340.39 58.81 17.82 88.85
1975 362.01 149.62 17.16 85.11
1976 309.25 131.22 17.8 89.24
1977 319.26 113.42 15.57 78.07
1978 335.75 122.73 15.4 77.83
1979 324.45 122.54 17.84 89.47
1980 324.8 104.17 17.63 86.45
1981 nan nan nan nan
1982 351.21 132.06 17.44 87.43
1983 303.8 68.43 18.07 89.41
1984 340.67 77.31 18.76 92.41
1985 nan nan nan nan
1986 nan nan nan nan
1987 357.44 139.87 17.05 85.47
1988 319.41 77.48 18.27 89.77
1989 314.74 68.66 18.2 89.81
1990 nan nan nan nan
1991 nan nan nan nan
1992 314.48 86.18 17.98 89.57
1993 340.76 131.84 18.27 90.72
1994 335.14 68.84 16.33 81.36
1995 309.29 113.85 15.58 77.23
1996 314.6 140.65 18.21 89.98
1997 329.48 95.31 18.27 88.96
1998 324.57 68.35 17.61 87.61
1999 335.48 140.58 15.85 78.82
2000 nan nan nan nan
2001 235.13 310.76 16.67 82.33
2002 255.27 192.95 17.18 86.66
2003 263.49 199.42 16.5 82.69
2004 244.1 216.92 17.37 87.35
2005 204.5 344.62 16.27 81.86
2006 nan nan nan nan
2007 254.55 291.72 16.35 80.76
2008 234.17 221.55 17.13 85.39
2009 236.55 200.75 17.15 86.13
2010 nan nan nan nan
2011 nan nan nan nan
2012 226.37 215.52 17.25 86.56
2013 233.42 232.08 16.74 83.07
2014 255.2 202.53 16.47 83.31
2015 nan nan nan nan
2016 237.83 190.7 17.68 89.91
2017 246.27 285.8 17.37 86.73
2018 253.05 313.15 15.65 78.48
2019 247.15 187.27 17.7 88.79
2020 236.31 300.01 17.06 84.45
2021 245.6 296.21 15.94 80.7
2022 224.8 325.29 15.47 76.99
2023 242.98 227.57 17.33 85.8
2024 245.21 206.98 17.22 86.45
2025 237.7 279.93 17.36 88.34
2026 214.59 329.36 15.11 75.69
2027 227.17 204.89 17.97 89.81
2028 236.54 289.86 16.66 84.5
2029 nan nan nan nan
2030 251.49 233.64 17.23 86.45
2031 nan nan nan nan
2032 216.21 319.28 16.1 80.84
2033 225.05 225.64 18.21 91.57
2034 226.46 304.86 16.89 84.83
2035 217.18 219.06 17.88 90.13
2036 nan nan nan nan
2037 262.59 309.51 15.84 79.96
2038 250.64 243.97 18.06 89.74
2039 252.54 223.15 17.45 87.4
2040 234.99 211.04 17.66 89.44
2041 233.91 321.82 16.56 82.99
2042 213.47 340.74 15.26 74.91
2043 253.57 213.06 17.63 89.26
2044 244.64 306.43 16.52 82.52
2045 227.11 294.38 17.18 85.1
2046 263.04 297.9 16.64 83.59
2047 242.95 327.06 15.18 76.15
2048 241.91 237.98 18.01 90.35
2049 271.96 205.28 17.54 88.18
2050 161.55 224.25 16.75 83.8
2051 nan nan nan nan
2052 140.3 253.51 17.29 87.92
2053 nan nan nan nan
2054 nan nan nan nan
2055 150.75 238.99 17.36 87.11
2056 155.85 275.92 16.56 82.67
2057 159.13 244.84 16.81 83.6
2058 168.27 250.9 16.88 84.46
2059 147.29 270.15 16.36 82.1
2060 148.25 259.55 17.37 88.28
2061 185.45 252.56 16.7 87.01
2062 130.63 257.6 17.62 88.63
2063 nan nan nan nan
2064 149.9 249.35 16.83 84.35
2065 181.2 205.95 17.86 89.76
2066 nan nan nan nan
2067 139.19 263.65 17.81 88.38
2068 197.37 227.68 16.71 83.35
2069 189.24 221.06 15.76 78.43
2070 nan nan nan nan
2071 179.35 226.09 17.39 87.13
2072 165.17 271.85 17.93 89.68
2073 138.28 273.86 17.02 84.38
2074 nan nan nan nan
2075 154.1 297.17 17.62 88.78
2076 141.54 243.57 17.3 87.66
2077 169.22 230.14 17.92 90.82
2078 nan nan nan nan
2079 nan nan nan nan
2080 151.59 228.46 17.58 87.97
2081 190.96 201.4 17.57 88.3
2082 nan nan nan nan
2083 nan nan nan nan
2084 182.99 195.39 17.4 87.51
2085 157.75 255.23 18.6 91.52
2086 nan nan nan nan
2087 163.64 292.61 17.76 87.57
2088 171.84 209.61 17.19 87.23
2089 175.27 267.39 17.44 90.04
2090 nan nan nan nan
2091 195.59 238.78 15.45 77.62
2092 176.23 257.02 17.35 90.3
2093 162.46 213.58 17.53 88.26
2094 nan nan nan nan
2095 173.25 198.99 17.18 87.76
2096 180.22 216.02 17.8 91.0
2097 187.69 232.83 17.2 85.7
2098 171.05 219.85 17.94 90.29
2099 146.38 280.35 18.19 90.9
2100 79.25 142.87 18.47 93.36
2101 45.33 117.99 18.36 93.25
2102 70.69 135.88 19.36 99.71
2103 57.0 93.34 19.17 97.97
2104 61.68 141.32 17.72 90.76
2105 71.92 126.25 17.23 88.48
2106 44.83 40.47 18.79 96.43
2107 40.43 80.53 18.86 95.24
2108 19.12 21.1 18.11 92.04
2109 39.15 91.39 18.32 92.68
2110 59.4 72.37 17.66 89.82
2111 69.02 157.19 18.09 92.19
2112 nan nan nan nan
2113 nan nan nan nan
2114 54.83 113.85 18.01 92.11
2115 44.24 49.58 18.36 93.14
2116 36.06 33.41 17.9 90.42
2117 nan nan nan nan
2118 46.89 107.77 17.54 89.85
2119 nan nan nan nan
2120 53.41 124.32 17.76 90.5
2121 48.86 87.42 18.18 92.9
2122 53.39 45.82 17.87 90.43
2123 59.73 150.73 17.58 90.01
2124 64.84 109.62 17.82 90.94
2125 34.21 54.2 18.31 93.73
2126 73.4 115.75 18.84 94.63
2127 79.95 131.88 17.53 89.16
2128 26.9 37.72 20.17 101.88
2129 25.78 48.04 19.5 98.74
2130 66.74 167.26 15.2 77.15
2131 35.23 43.86 18.22 92.47
2132 nan nan nan nan
2133 42.7 60.23 18.49 93.98
2134 56.37 103.09 18.64 94.49
2135 59.2 161.36 19.46 98.49
2136 31.83 75.05 18.85 96.05
2137 32.84 63.82 18.44 93.47
2138 52.25 55.91 19.47 98.96
2139 90.5 127.38 19.05 96.58
2140 51.02 66.49 18.83 96.43
2141 49.8 76.47 18.49 94.96
2142 41.58 70.4 19.04 96.0
2143 18.38 31.24 15.48 79.73
2144 61.48 52.32 16.82 86.15
2145 62.42 130.26 18.29 93.33
2146 81.54 121.8 17.79 89.11
2147 63.45 119.61 17.65 88.81
2148 69.54 58.37 18.32 93.24
2149 nan nan nan nan
2150 270.09 225.18 17.52 87.83
2151 283.09 290.31 15.68 78.66
2152 297.07 233.6 15.18 76.3
2153 287.56 237.97 14.59 79.31
2154 261.72 219.17 17.46 87.0
2155 314.03 255.6 15.52 77.43
2156 nan nan nan nan
2157 264.21 287.61 16.14 81.05
2158 269.73 236.04 17.13 86.64
2159 314.54 236.29 16.89 85.07
2160 nan nan nan nan
2161 280.61 220.96 16.82 84.8
2162 281.12 211.69 17.39 87.56
2163 272.52 293.83 15.36 76.86
2164 303.83 260.17 15.2 76.48
2165 249.42 254.75 16.5 83.33
2166 294.78 254.37 16.29 82.47
2167 256.9 270.79 16.44 81.67
2168 265.86 266.48 16.81 85.57
2169 293.4 275.41 16.36 82.22
2170 247.52 265.56 17.3 85.93
2171 nan nan nan nan
2172 nan nan nan nan
2173 268.39 246.17 16.06 79.95
2174 288.25 227.05 16.5 84.58
2175 277.95 241.92 16.45 82.87
2176 nan nan nan nan
2177 304.48 250.02 16.88 84.71
2178 265.31 277.33 16.66 83.14
2179 267.14 256.51 17.04 85.32
2180 294.79 264.62 16.64 83.28
2181 306.01 230.12 16.26 82.55
2182 302.58 270.97 14.54 74.69
2183 278.72 231.69 17.37 87.02
2184 275.4 262.43 14.45 72.7
2185 305.23 239.98 17.02 84.86
2186 274.94 273.53 16.2 82.78
2187 323.05 242.45 15.75 80.03
2188 314.38 246.34 15.68 78.69
2189 296.5 243.96 13.88 70.77
2190 258.69 250.39 16.22 81.23
2191 297.62 224.34 16.78 84.31
2192 285.41 258.21 16.17 81.48
2193 273.89 283.62 16.13 80.84
2194 276.47 252.78 16.26 81.31
2195 260.34 239.97 16.34 81.93
2196 286.62 248.19 16.79 85.13
2197 260.85 229.65 16.64 83.78
2198 247.47 275.65 16.57 84.03
2199 272.03 215.18 17.35 86.95
2200 119.38 282.92 17.19 86.64
2201 176.89 167.97 17.42 86.76
2202 152.87 307.51 17.53 88.36
2203 nan nan nan nan
2204 185.3 174.35 17.34 87.23
2205 127.25 288.37 13.88 70.13
2206 174.26 189.25 18.08 90.29
2207 144.07 301.68 17.51 85.78
2208 114.93 324.27 17.08 86.31
2209 160.43 145.87 17.87 89.08
2210 133.71 315.69 17.73 88.82
2211 161.79 135.05 18.11 91.1
2212 nan nan nan nan
2213 168.05 161.95 18.17 91.58
2214 135.13 305.53 16.85 84.1
2215 132.07 336.47 17.16 85.54
2216 117.67 293.04 16.79 83.94
2217 135.92 294.83 17.18 87.26
2218 185.38 163.44 17.97 90.27
2219 187.89 144.15 16.36 82.58
2220 nan nan nan nan
