py/desispec/data/qa/qa-reference-tsnr2.ecsv
# %ECSV 1.0
# ---
# datatype:
# - {name: FIBER, datatype: int64}
# - {name: FIBERASSIGN_X, datatype: float64}
# - {name: FIBERASSIGN_Y, datatype: float64}
# - {name: TSNR2_LRG, datatype: float64}
# schema: astropy-2.0
FIBER FIBERASSIGN_X FIBERASSIGN_Y TSNR2_LRG
[from data line 4807]
4807 -254.89999389648438 -192.6699981689453 66.75
4808 -233.58999633789062 -321.07000732421875 72.87
4809 -243.2899932861328 -217.0399932861328 77.88
4810 -204.2899932861328 -344.19000244140625 72.37
4811 -263.7699890136719 -199.2100067138672 71.11
4812 -254.7100067138672 -203.0500030517578 82.75
4813 -241.74000549316406 -237.41000366210938 79.07
4814 -226.10000610351562 -304.57000732421875 74.15
4815 -225.6199951171875 -215.17999267578125 82.55
4816 -246.72000122070312 -197.02000427246094 80.48
4817 -232.9199981689453 -332.1300048828125 71.89
4818 -237.57000732421875 -279.7900085449219 65.21
4819 -252.75 -223.19000244140625 79.26
4820 -246.2899932861328 -285.5199890136719 77.7
4821 -246.1699981689453 -295.8900146484375 71.83
4822 -238.8699951171875 -180.63999938964844 83.12
4823 -216.22999572753906 -318.8599853515625 76.16
4824 -272.2799987792969 -205.44000244140625 73.53
4825 -262.4200134277344 -309.1000061035156 70.06
4826 -227.3000030517578 -294.1099853515625 76.13
4827 -214.66000366210938 -330.44000244140625 73.16
4828 -236.6999969482422 -289.8999938964844 78.46
4829 -253.57000732421875 -212.44000244140625 78.73
4830 -244.69000244140625 -306.5899963378906 76.08
4831 -242.6300048828125 -227.27000427246094 77.65
4832 -250.49000549316406 -243.3300018310547 80.8
4833 -228.11000061035156 -205.30999755859375 79.12
4834 -252.77999877929688 -313.25 74.67
4835 -234.83999633789062 -311.29998779296875 72.0
4836 -263.5199890136719 -298.2099914550781 73.56
4837 -214.13999938964844 -339.9100036621094 68.59
4838 -237.22999572753906 -200.72999572753906 70.98
4839 -224.8300018310547 -226.0 77.4
4840 -234.3800048828125 -221.39999389648438 82.59
4841 -246.6300048828125 -186.44000244140625 72.54
4842 -237.5500030517578 -190.27999877929688 74.4
4843 -233.42999267578125 -231.77000427246094 65.07
4844 -224.82000732421875 -315.1099853515625 74.65
4845 -251.3300018310547 -233.67999267578125 78.63
4846 -253.9499969482422 -302.29998779296875 77.48
4847 -223.75999450683594 -336.20001220703125 71.72
4848 -240.4499969482422 -327.25 74.96
4849 -236.33999633789062 -300.510009765625 66.95
4850 -59.2400016784668 -161.07000732421875 82.11
4851 -26.959999084472656 -37.290000915527344 85.83
4852 -70.9800033569336 -135.99000549316406 82.24
4853 -67.55999755859375 -167.55999755859375 76.15
4854 -62.66999816894531 -130.3000030517578 82.66
4855 -40.59000015258789 -81.16999816894531 85.42
4856 -90.6500015258789 -127.83999633789062 85.13
4857 -40.2599983215332 -70.72000122070312 95.49
4858 -37.5 -33.869998931884766 91.94
4859 -24.8799991607666 -47.88999938964844 87.5
4860 -69.41999816894531 -146.27000427246094 82.71
4861 -49.779998779296875 -76.27999877929688 81.11
4862 -27.969999313354492 -27.399999618530273 84.54
4863 -17.90999984741211 -32.63999938964844 96.16
4864 -56.31999969482422 -103.08000183105469 84.42
4865 -61.16999816894531 -140.52000427246094 83.01
4866 -72.98999786376953 -115.70999908447266 86.05
4867 -59.45000076293945 -150.02999877929688 81.72
4868 -44.7599983215332 -49.81999969482422 82.99
4869 -19.299999237060547 -21.709999084472656 86.01
4870 -68.41000366210938 -157.27999877929688 83.16
4871 -32.36000061035156 -74.73999786376953 86.97
4872 -47.79999923706055 -97.29000091552734 84.63
4873 -65.08000183105469 -108.72000122070312 85.64
4874 -78.0199966430664 -152.50999450683594 82.86
4875 -78.75 -142.8699951171875 81.06
4876 -51.279998779296875 -66.51000213623047 78.73
4877 -80.95999908447266 -132.77000427246094 85.49
4878 -53.189998626708984 -46.209999084472656 64.87
4879 -61.40999984741211 -51.86000061035156 82.43
4880 -54.59000015258789 -114.13999938964844 85.67
4881 -45.5 -117.44000244140625 76.5
4882 -53.27000045776367 -124.18000030517578 78.48
4883 -69.4800033569336 -57.84000015258789 84.49
4884 -34.18000030517578 -44.15999984741211 92.38
4885 -49.5099983215332 -86.51000213623047 85.75
4886 -59.79999923706055 -72.37999725341797 83.96
4887 -81.86000061035156 -122.16000366210938 84.17
4888 -44.029998779296875 -40.27000045776367 96.17
4889 -43.27000045776367 -60.52000045776367 87.71
4890 -32.810001373291016 -53.0099983215332 94.24
4891 -57.15999984741211 -93.33000183105469 63.5
4892 -46.33000183105469 -107.0999984741211 81.74
4893 -72.19999694824219 -125.77999877929688 84.81
4894 -52.849998474121094 -134.30999755859375 82.42
4895 -32.880001068115234 -64.94999694824219 78.36
4896 -52.709999084472656 -55.58000183105469 76.9
4897 -61.150001525878906 -61.790000915527344 82.08
4898 -64.04000091552734 -119.61000061035156 86.24
4899 -38.810001373291016 -90.44999694824219 84.22
4900 -166.8000030517578 -362.9200134277344 79.35
4901 -202.1999969482422 -186.57000732421875 80.26
4902 -229.35000610351562 -184.5 75.87
4903 -200.64999389648438 -196.9199981689453 81.29
4904 -196.66000366210938 -326.05999755859375 78.42
4905 -150.99000549316406 -327.8800048828125 73.85
4906 -217.0 -209.75999450683594 80.02
4907 -192.25999450683594 -190.69000244140625 76.07
4908 -162.44000244140625 -302.5 77.47
4909 -175.89999389648438 -357.19000244140625 71.93
4910 -195.55999755859375 -337.9800109863281 71.37
4911 -210.99000549316406 -181.52999877929688 83.3
4912 -176.52999877929688 -346.8800048828125 70.64
4913 -218.7100067138672 -198.74000549316406 75.9
4914 -160.13999938964844 -323.3500061035156 77.9
4915 -178.75999450683594 -325.79998779296875 74.69
4916 -194.2899932861328 -169.5399932861328 78.52
4917 -166.38999938964844 -350.760009765625 61.41
4918 -188.80999755859375 -321.5299987792969 73.68
4919 -167.6699981689453 -340.4800109863281 75.13
4920 -203.74000549316406 -165.88999938964844 81.05
4921 -212.8000030517578 -171.74000549316406 78.86
4922 -204.64999389648438 -155.8300018310547 78.06
4923 -207.47000122070312 -213.41000366210938 64.83
4924 -221.0500030517578 -168.16000366210938 78.71
4925 -161.25999450683594 -313.57000732421875 74.54
4926 -168.83999633789062 -329.8599853515625 75.25
4927 -186.77999877929688 -332.19000244140625 73.94
4928 -170.27000427246094 -309.0799865722656 73.63
4929 -228.8000030517578 -194.5399932861328 76.15
4930 -220.7100067138672 -178.0399932861328 71.33
4931 -170.0500030517578 -319.2200012207031 77.38
4932 nan nan nan
4933 -220.27999877929688 -189.11000061035156 77.14
4934 -151.97999572753906 -317.5 73.45
4935 -199.57000732421875 -207.0 80.9
4936 -209.58999633789062 -192.72000122070312 78.74
4937 -141.55999755859375 -332.1400146484375 78.13
4938 -176.67999267578125 -335.6000061035156 75.38
4939 -213.30999755859375 -162.1699981689453 80.51
4940 -195.77000427246094 -159.30999755859375 75.3
4941 -230.49000549316406 -173.89999389648438 77.29
4942 -194.85000610351562 -349.0199890136719 67.58
4943 -192.11000061035156 -181.49000549316406 80.79
4944 -184.94000244140625 -352.5199890136719 73.04
4945 -208.8000030517578 -203.5399932861328 78.26
4946 -183.47999572753906 -185.0500030517578 78.52
4947 -159.63999938964844 -334.3599853515625 71.96
4948 -185.61000061035156 -343.8699951171875 88.06
4949 -202.8800048828125 -176.49000549316406 78.94
4950 -103.44999694824219 -260.3500061035156 74.08
4951 -118.44999694824219 -203.75999450683594 81.64
4952 -153.6699981689453 -207.67999267578125 76.72
4953 -121.16999816894531 -262.2200012207031 78.59
4954 -131.82000732421875 -247.22000122070312 81.22
4955 -115.55000305175781 -224.5800018310547 78.54
4956 -100.75 -280.739990234375 78.99
4957 -119.0999984741211 -193.30999755859375 61.04
4958 -141.11000061035156 -163.8300018310547 77.64
4959 -130.02999877929688 -179.3300018310547 68.84
4960 -127.5999984741211 -199.5500030517578 79.32
4961 -123.16000366210938 -242.63999938964844 76.94
4962 -155.00999450683594 -198.02000427246094 79.08
4963 -145.05999755859375 -211.5399932861328 80.2
4964 -110.2699966430664 -276.7099914550781 78.83
4965 -126.19000244140625 -209.7100067138672 78.73
4966 -135.47000122070312 -216.02999877929688 83.36
4967 -112.33000183105469 -255.27999877929688 81.79
4968 -113.05999755859375 -246.77999877929688 83.49
4969 -126.05000305175781 -218.99000549316406 78.66
4970 -148.25999450683594 -181.3000030517578 78.35
4971 -137.25 -195.57000732421875 77.81
4972 -122.19000244140625 -251.55999755859375 77.19
4973 -140.1300048828125 -174.39999389648438 83.11
4974 -165.3000030517578 -193.52999877929688 77.23
4975 -114.9800033569336 -234.91000366210938 79.23
4976 -156.0800018310547 -186.52000427246094 75.92
4977 -104.7699966430664 -250.3699951171875 72.8
4978 -107.36000061035156 -218.9499969482422 77.8
4979 -116.58000183105469 -213.94000244140625 78.48
4980 -129.57000732421875 -189.7899932861328 77.84
4981 -105.66999816894531 -239.5800018310547 78.9
4982 -146.39999389648438 -191.77999877929688 75.84
4983 -124.54000091552734 -231.32000732421875 73.87
4984 -144.1999969482422 -222.22999572753906 76.89
4985 -93.4800033569336 -263.45001220703125 78.22
4986 -101.66999816894531 -270.9599914550781 77.42
4987 -152.1699981689453 -217.99000549316406 78.32
4988 -138.63999938964844 -184.6999969482422 77.87
4989 -142.22000122070312 -232.60000610351562 77.53
4990 -106.16000366210938 -228.82000732421875 75.94
4991 -108.75 -208.32000732421875 77.3
4992 -95.83000183105469 -243.97999572753906 74.88
4993 -132.83999633789062 -236.1999969482422 79.03
4994 -111.23999786376953 -265.5899963378906 69.91
4995 -145.2100067138672 -201.61000061035156 75.51
4996 -94.69999694824219 -253.6999969482422 73.69
4997 -135.50999450683594 -205.3800048828125 74.52
4998 -134.10000610351562 -227.22999572753906 77.03
4999 -163.47000122070312 -203.49000549316406 71.58
