py/desispec/data/qa/qa-reference-tsnr2.ecsv
# %ECSV 0.9
# ---
# datatype:
# - {name: FIBER, datatype: int64}
# - {name: FIBERASSIGN_X, datatype: float64}
# - {name: FIBERASSIGN_Y, datatype: float64}
# - {name: TSNR2_LRG_BRIGHT, datatype: float64}
# - {name: TSNR2_LRG_DARK, datatype: float64}
# meta: {NIGHTMAX: 20210709, NIGHTMIN: 20210514}
# schema: astropy-2.0
FIBER FIBERASSIGN_X FIBERASSIGN_Y TSNR2_LRG_BRIGHT TSNR2_LRG_DARK
0 83.85 -286.51 15.9 73.86
1 59.11 -272.81 17.29 80.59
2 31.76 -270.25 16.44 77.09
3 0.28 -221.21 16.96 78.43
4 -19.79 -252.52 17.21 79.83
5 41.5 -239.86 16.71 77.62
6 14.47 -264.21 16.89 77.36
7 17.3 -226.95 16.8 77.09
8 73.04 -289.29 16.38 76.23
9 55.52 -283.77 16.71 77.15
10 7.65 -256.09 17.4 80.72
11 53.83 -254.3 17.26 79.12
12 -3.14 -231.0 17.31 80.25
13 14.05 -236.79 16.7 77.54
14 17.51 -253.8 16.88 79.0
15 31.27 -241.9 17.47 81.58
16 52.19 -265.76 16.68 77.72
17 21.03 -244.01 17.67 82.74
18 49.14 -275.65 17.79 83.3
19 69.51 -270.88 16.83 78.42
20 21.64 -271.69 17.8 83.21
21 -16.97 -215.99 18.63 86.29
22 48.19 -247.46 18.1 84.8
23 -6.13 -240.98 16.46 75.28
24 -12.97 -260.9 17.8 83.07
25 7.1 -228.82 18.81 87.55
26 79.56 -268.82 17.69 83.02
27 62.79 -263.54 18.38 86.27
28 -2.37 -258.7 17.57 81.14
29 24.23 -234.42 18.22 85.05
30 34.56 -232.18 17.9 83.11
31 -13.21 -233.1 18.35 85.47
32 24.85 -261.75 18.55 86.58
33 64.47 -280.79 17.38 83.7
34 10.82 -246.55 18.26 84.52
35 39.62 -248.86 18.74 82.84
36 34.24 -259.83 18.48 86.14
37 66.26 -253.27 19.34 90.18
38 76.68 -278.76 18.56 85.98
39 38.5 -277.78 16.86 78.57
40 -9.14 -250.85 18.29 84.0
41 4.03 -266.26 18.69 86.85
42 -16.32 -243.04 17.34 79.68
43 3.61 -238.54 18.83 87.16
44 45.59 -257.76 18.57 86.31
45 0.74 -248.32 18.46 85.21
46 72.84 -260.67 19.27 90.11
47 27.81 -251.76 18.53 86.61
48 -10.18 -222.96 19.29 90.58
49 42.16 -266.13 19.05 82.25
50 0.86 -276.14 15.37 70.77
51 35.41 -286.89 15.48 72.39
52 11.49 -273.91 15.75 73.08
53 49.84 -330.67 15.85 73.03
54 -18.87 -280.81 15.68 72.25
55 28.7 -307.15 15.71 72.73
56 -18.89 -308.22 15.69 72.18
57 32.1 -297.31 15.69 72.75
58 14.73 -291.68 15.81 72.63
59 46.23 -312.78 15.84 73.26
60 15.29 -319.12 16.59 77.21
61 8.9 -312.06 15.39 71.0
62 -6.1 -268.55 16.62 76.98
63 8.28 -283.47 15.34 71.04
64 35.71 -314.81 15.84 73.11
65 32.61 -325.03 15.3 70.42
66 53.13 -320.73 16.03 74.48
67 -32.57 -292.53 15.35 71.26
68 -35.55 -302.71 16.3 74.58
69 -1.89 -286.02 15.66 72.78
70 -15.25 -298.45 16.32 74.97
71 46.01 -285.1 16.0 74.84
72 21.93 -299.31 16.11 74.48
73 1.35 -303.99 16.79 81.92
74 -5.31 -295.68 15.63 72.39
75 25.3 -289.15 16.17 74.73
76 -22.22 -290.51 17.23 79.17
77 -35.83 -275.23 17.94 82.61
78 49.66 -303.06 17.95 83.85
79 -2.03 -314.08 16.62 76.95
80 39.0 -305.56 17.79 82.56
81 18.17 -281.84 18.54 86.33
82 44.3 -295.36 19.32 86.73
83 -16.15 -270.67 18.08 83.84
84 12.22 -301.63 17.28 79.7
85 -25.84 -300.38 18.04 82.46
86 18.93 -309.12 17.76 81.91
87 -23.15 -262.89 18.38 84.81
88 -26.12 -272.66 18.99 88.28
89 -32.96 -265.18 17.06 78.57
90 28.7 -279.71 17.85 81.99
91 -29.29 -282.63 17.75 82.47
92 25.74 -317.02 17.88 83.08
93 -8.64 -306.1 17.51 81.52
94 43.28 -322.48 18.1 83.8
95 39.24 -332.59 18.37 85.46
96 -12.13 -288.28 18.0 83.09
97 -8.77 -278.46 18.36 84.68
98 52.86 -293.28 18.0 84.19
99 5.34 -293.49 18.3 85.55
100 30.22 -187.02 18.08 83.69
101 34.47 -204.68 18.58 86.45
102 47.75 -220.47 17.75 82.56
103 59.04 -245.25 16.5 76.43
104 -15.04 -122.45 18.08 83.12
105 1.56 -101.38 18.21 83.26
106 27.55 -224.43 16.77 77.39
107 -25.86 -125.2 18.83 86.15
108 -11.3 -140.96 17.54 80.4
109 -1.32 -138.6 17.9 81.84
110 50.98 -182.67 18.19 84.13
111 -25.68 -97.74 18.27 83.37
112 51.81 -238.11 18.45 85.27
113 69.25 -243.0 17.88 82.73
114 -12.45 -113.29 18.84 86.75
115 40.88 -212.5 18.28 84.17
116 51.23 -210.43 18.43 84.66
117 31.2 -215.17 18.64 86.7
118 33.66 -177.35 18.51 85.54
119 -5.1 -121.01 18.38 84.93
120 54.83 -200.55 17.79 82.22
121 -18.37 -133.61 21.09 96.51
122 -38.49 -137.91 18.85 86.53
123 27.11 -197.19 17.4 80.25
124 -35.41 -127.95 19.16 88.04
125 -28.83 -107.87 18.51 85.61
126 1.62 -128.53 18.4 84.85
127 -9.35 -103.47 15.66 71.4
128 60.79 -208.9 17.47 80.77
129 -19.15 -105.48 19.29 89.73
130 47.33 -192.51 18.64 85.69
131 -22.2 -115.42 18.42 84.97
132 -31.84 -118.01 19.76 91.49
133 55.18 -228.16 17.63 82.32
134 44.76 -229.91 17.63 81.53
135 -8.05 -131.05 18.18 83.27
136 44.34 -202.77 18.76 86.69
137 5.01 -118.8 18.01 82.31
138 -16.06 -95.7 19.2 87.39
139 37.99 -222.52 18.42 84.92
140 61.97 -235.42 18.31 84.89
141 -28.96 -135.52 18.92 87.13
142 -14.88 -150.88 18.31 84.67
143 -4.96 -148.23 17.8 82.46
144 65.49 -225.5 17.89 82.69
145 40.35 -185.35 18.98 87.24
146 58.13 -217.99 18.3 85.42
147 -22.16 -142.89 18.68 86.2
148 37.44 -195.11 18.96 88.7
149 -2.04 -111.02 18.98 87.93
150 9.28 -339.55 17.03 79.43
151 -7.94 -361.25 16.6 76.8
152 1.39 -333.1 16.9 80.21
153 -34.8 -357.97 16.73 77.43
154 13.02 -357.19 16.86 78.43
155 5.75 -321.14 17.34 80.34
156 -21.97 -317.79 16.27 76.36
157 -8.19 -333.87 17.26 80.64
158 26.09 -343.32 16.23 80.07
159 -42.47 -350.34 17.45 81.09
160 -11.57 -343.48 17.25 80.36
161 22.87 -354.84 17.25 79.56
162 22.42 -327.13 16.77 77.33
163 -21.61 -345.9 16.62 76.82
164 -24.77 -356.23 16.75 77.32
165 32.78 -353.11 16.92 78.16
166 -39.15 -312.19 17.96 83.58
167 -1.44 -342.0 17.34 80.19
168 -44.06 -333.02 18.79 86.82
169 26.7 -372.9 17.0 78.89
170 -25.28 -328.08 17.19 80.45
171 9.73 -366.98 16.79 77.35
172 -34.8 -329.67 17.77 82.8
173 -18.63 -335.9 17.63 81.87
174 -5.14 -323.19 17.06 79.16
175 -28.85 -310.42 16.96 78.73
176 -39.99 -340.94 16.97 81.1
177 19.6 -364.68 16.79 77.84
178 -4.72 -351.17 16.82 77.34
179 -2.26 -368.46 15.9 75.54
180 18.99 -337.05 16.89 78.51
181 -14.54 -353.58 17.01 79.38
182 -15.15 -325.47 17.14 80.06
183 5.89 -349.0 17.15 79.12
184 16.35 -375.08 16.69 77.43
185 -49.43 -342.75 16.41 75.9
186 15.96 -347.02 14.97 69.39
187 29.61 -362.63 16.56 76.92
188 12.75 -329.37 17.02 78.99
189 6.5 -377.35 15.65 72.6
190 -28.13 -337.69 16.8 78.01
191 30.02 -390.54 15.86 73.01
192 23.56 -382.71 14.63 67.38
193 -31.85 -320.37 17.28 79.75
194 36.22 -342.7 16.38 75.85
195 -18.08 -363.93 16.75 77.08
196 29.5 -335.3 16.57 77.78
197 -42.08 -322.36 17.77 82.96
198 2.59 -359.32 16.84 78.41
199 -31.73 -348.31 17.63 81.44
200 -51.47 -232.3 17.43 80.08
201 80.13 -324.4 17.08 78.7
202 -47.22 -249.53 17.23 79.15
203 -26.48 -245.13 17.98 83.08
204 63.33 -318.91 16.76 77.38
205 -23.47 -235.37 18.28 83.75
206 92.63 -340.0 17.52 81.97
207 -54.02 -242.15 17.5 80.39
208 -57.76 -224.3 17.08 78.82
209 70.19 -298.83 16.89 77.93
210 -61.29 -206.97 17.41 80.93
211 70.26 -326.31 17.31 79.51
212 -57.93 -197.13 17.0 78.04
213 62.37 -291.1 17.28 80.42
214 -26.92 -217.61 17.02 79.12
215 -44.17 -240.19 17.7 81.15
216 83.35 -314.59 16.97 78.46
217 79.83 -296.18 17.27 79.71
218 -54.53 -214.48 17.59 81.16
219 86.87 -304.64 17.55 83.84
220 -47.82 -221.96 17.45 80.59
221 -67.74 -227.13 17.79 81.65
222 87.32 -331.47 16.93 77.59
223 94.46 -312.47 17.26 80.33
224 73.56 -316.25 16.9 78.59
225 60.0 -328.16 17.82 81.41
226 -64.55 -216.91 17.59 80.33
227 73.97 -344.04 16.86 77.75
228 76.88 -334.29 16.95 78.39
229 98.53 -329.5 16.75 77.7
230 -33.33 -237.67 17.73 81.8
231 91.19 -351.41 17.0 80.4
232 76.68 -306.6 16.8 77.26
233 -36.03 -220.91 17.7 82.22
234 -44.65 -211.78 17.45 79.38
235 59.53 -300.32 17.6 81.66
236 -33.9 -209.92 17.7 81.6
237 -30.41 -254.95 16.35 74.51
238 83.44 -342.2 16.61 76.22
239 -29.93 -227.8 17.33 80.62
240 -51.37 -204.38 17.56 81.33
241 56.52 -310.94 17.26 80.06
242 -20.33 -225.35 17.82 82.23
243 -36.81 -247.49 17.54 80.98
244 66.98 -336.1 17.28 79.63
245 -70.93 -236.23 17.19 78.53
246 56.46 -338.23 15.88 72.83
247 -39.64 -230.88 17.76 83.71
248 66.23 -308.84 17.53 81.25
249 91.03 -321.86 17.23 79.66
250 13.38 -181.92 17.33 80.3
251 16.59 -171.92 17.76 82.01
252 -17.34 -188.13 18.38 85.02
253 -24.56 -180.36 18.23 85.59
254 -51.62 -177.15 18.17 84.09
255 2.69 -184.08 17.09 79.45
256 -10.38 -195.49 17.07 79.54
257 -42.05 -147.16 15.21 70.03
258 -48.19 -194.17 18.8 87.0
259 -24.79 -152.87 18.57 85.7
260 -6.48 -213.38 20.87 96.72
261 -38.07 -192.44 20.14 93.16
262 -10.97 -168.27 20.23 93.65
263 -35.49 -154.88 20.09 92.95
264 -0.36 -193.92 20.16 93.3
265 -41.84 -174.74 20.21 93.89
266 -31.19 -200.2 20.35 94.68
267 -17.89 -160.65 20.6 95.13
268 -48.4 -167.43 20.7 96.14
269 -21.56 -170.69 20.76 96.56
270 -54.61 -187.11 20.71 96.02
271 -44.88 -184.46 20.04 92.99
272 16.58 -198.97 19.28 89.67
273 -31.74 -172.48 20.36 94.26
274 -24.42 -207.9 20.84 97.1
275 24.91 -208.12 19.8 95.46
276 -27.75 -189.88 20.04 93.3
277 -1.06 -165.85 20.83 96.74
278 5.13 -173.54 20.96 98.36
279 -34.49 -182.4 20.45 95.64
280 23.39 -179.24 20.03 92.62
281 6.99 -201.52 20.33 95.44
282 -38.72 -164.81 20.2 94.18
283 3.57 -211.29 20.3 94.52
284 9.43 -163.72 21.25 97.82
285 -41.42 -202.06 20.32 94.42
286 20.37 -217.14 19.5 91.08
287 10.42 -218.89 20.48 95.54
288 10.23 -191.53 20.89 97.13
289 -14.6 -178.25 20.63 95.77
290 -28.4 -162.38 20.29 94.56
291 -45.0 -157.27 20.53 94.79
292 13.55 -209.12 19.72 91.35
293 -3.99 -175.83 19.29 89.4
294 -13.08 -204.21 19.81 88.66
295 -3.28 -203.29 20.26 94.09
296 20.23 -189.08 19.78 91.56
297 -32.06 -145.09 19.41 89.51
298 -7.31 -185.86 19.85 92.52
299 -21.07 -197.71 20.51 95.42
300 -112.91 -366.08 18.58 87.14
301 -116.29 -376.09 17.39 81.48
302 -72.45 -356.76 18.87 88.2
303 -89.55 -379.21 18.18 84.96
304 -99.93 -353.18 18.07 84.36
305 -103.57 -363.33 18.04 83.34
306 -52.11 -352.44 18.98 88.27
307 -86.21 -368.98 18.62 86.56
308 -41.2 -377.87 18.81 88.12
309 -93.42 -333.36 19.01 89.0
310 -86.37 -341.15 19.07 89.35
311 -92.27 -389.1 17.81 82.09
312 -68.81 -374.15 18.23 84.62
313 -82.23 -358.92 17.96 83.59
314 -96.56 -371.41 18.57 87.05
315 -83.18 -331.18 19.15 88.89
316 -106.31 -346.16 19.3 90.64
317 -65.22 -392.87 18.27 83.78
318 -62.33 -354.42 19.21 88.49
319 -75.34 -394.73 17.95 83.35
320 -75.72 -366.4 16.33 75.93
321 -85.36 -397.18 17.86 83.93
322 -48.02 -370.14 18.66 86.1
323 -55.35 -390.72 18.51 85.9
324 -79.43 -348.91 19.01 88.71
325 -109.64 -356.11 18.33 85.56
326 -89.42 -351.06 18.93 89.64
327 -44.48 -388.38 18.25 85.22
328 -82.38 -387.33 17.39 80.06
329 -45.24 -360.27 18.0 83.46
330 -96.69 -343.17 18.64 86.43
331 -103.21 -336.22 18.35 85.36
332 nan nan nan nan
333 -119.44 -386.51 17.19 80.63
334 -51.36 -380.4 nan 78.15
335 -55.23 -362.4 19.22 89.43
336 -48.38 -397.52 17.67 82.13
337 -69.29 -346.84 18.5 85.88
338 -71.92 -385.01 17.88 82.44
339 -103.31 -391.19 17.05 79.1
340 -99.51 -381.21 18.02 83.26
341 -76.47 -338.87 18.22 85.02
342 -65.35 -364.54 17.76 83.0
343 -109.48 -383.67 16.9 78.76
344 -38.34 -368.22 19.15 89.3
345 -58.09 -400.79 17.38 82.18
346 -62.23 -382.26 18.2 84.1
347 -58.5 -371.75 18.08 84.32
348 -106.43 -373.45 18.14 84.58
349 -78.04 -378.41 18.55 97.89
350 -74.11 -246.94 19.48 90.52
351 39.87 -360.61 18.33 85.98
352 -80.32 -266.24 19.46 91.03
353 40.15 -388.44 18.18 84.16
354 -57.13 -251.92 19.29 89.53
355 -40.21 -257.04 19.5 90.98
356 57.72 -394.51 18.98 87.99
357 46.61 -340.29 16.25 75.89
358 53.96 -376.36 18.73 86.92
359 61.86 -346.57 20.31 97.66
360 -60.66 -261.71 19.59 91.16
361 -70.57 -292.02 18.97 87.51
362 56.92 -366.65 17.87 83.28
363 61.14 -384.27 18.19 84.61
364 47.03 -368.27 19.21 89.74
365 77.63 -390.5 16.34 83.5
366 -53.95 -268.92 20.25 93.7
367 nan nan nan nan
368 46.42 -395.05 18.35 83.53
369 -50.43 -259.27 17.55 81.9
370 -67.63 -254.31 19.13 89.34
371 -70.55 -264.03 18.98 88.58
372 36.71 -370.29 19.07 89.7
373 43.5 -378.45 18.56 86.77
374 -48.53 -276.66 20.45 93.27
375 -77.09 -256.71 19.78 92.16
376 -65.53 -244.23 20.17 92.08
377 -73.79 -273.35 18.1 83.79
378 -42.3 -267.02 20.33 94.26
379 70.93 -381.58 18.56 86.0
380 53.71 -348.43 18.82 87.02
381 -39.35 -285.32 19.29 89.09
382 -63.8 -271.43 19.98 93.11
383 -83.84 -275.84 19.78 91.91
384 -60.02 -289.41 19.72 91.31
385 67.29 -364.37 4.21 nan
386 80.8 -352.16 18.98 88.34
387 33.64 -380.41 17.76 81.8
388 -57.27 -279.36 21.2 94.91
389 71.39 -354.25 19.43 89.97
390 -53.25 -297.03 19.64 91.04
391 64.3 -374.44 19.01 87.41
392 -77.52 -282.06 19.19 88.73
393 -66.85 -281.06 19.03 88.66
394 60.22 -356.26 19.16 89.37
395 -50.0 -287.59 19.13 89.04
396 50.58 -358.96 18.54 86.16
397 50.86 -386.26 18.79 87.33
398 67.92 -392.45 18.16 83.93
399 -42.95 -294.67 18.89 88.09
400 -2.83 -28.23 20.04 93.28
401 -9.56 -48.58 19.58 90.3
402 14.64 -88.91 19.96 91.94
403 0.2 -45.72 20.37 94.86
404 11.42 -99.09 19.82 91.85
405 37.18 -167.57 20.68 100.49
406 44.29 -175.2 19.49 90.06
407 19.66 -133.79 20.25 94.2
408 26.57 -169.81 19.6 90.58
409 22.26 -96.44 20.22 93.25
410 22.98 -150.46 20.37 99.35
411 26.3 -141.68 20.33 94.41
412 -2.86 -55.97 18.97 88.06
413 33.2 -150.08 19.6 91.07
414 16.93 -78.99 21.59 102.76
415 7.27 -81.34 20.24 93.58
416 -12.9 -85.35 19.14 88.96
417 3.93 -63.58 20.37 95.14
418 -2.54 -83.24 20.93 96.6
419 -5.72 -93.24 21.35 101.7
420 3.63 -35.9 20.34 94.5
421 2.08 -156.18 20.14 93.0
422 37.79 -140.77 21.15 102.91
423 25.47 -113.77 20.86 96.16
424 0.65 -73.73 21.24 98.16
425 29.4 -131.58 20.63 95.3
426 18.95 -106.45 19.82 91.6
427 -12.98 -58.6 19.96 92.57
428 19.62 -161.56 19.6 90.25
429 -19.48 -78.24 19.54 90.5
430 32.54 -122.4 19.77 91.42
431 -6.14 -65.88 20.61 95.56
432 -9.74 -75.83 20.2 93.73
433 30.33 -159.25 19.43 89.77
434 11.8 -126.23 20.88 97.35
435 47.13 -165.26 19.72 91.68
436 11.71 -154.16 17.83 82.57
437 -16.15 -68.5 19.8 92.15
438 8.21 -109.12 19.23 89.43
439 10.45 -137.1 22.98 107.7
440 15.31 -116.66 20.93 97.13
441 4.95 -146.79 20.4 93.61
442 4.88 -91.33 21.02 97.24
443 16.44 -145.15 21.32 100.04
444 40.3 -156.83 20.97 97.57
445 22.29 -124.23 20.72 95.64
446 -22.52 -88.27 20.46 95.39
447 7.51 -53.34 20.96 97.28
448 10.72 -70.91 20.58 95.1
449 -6.57 -38.85 20.13 93.42
450 -90.18 -323.22 19.73 92.29
451 -11.22 -371.37 19.14 89.56
452 -56.12 -334.87 15.25 71.26
453 -87.04 -313.43 19.92 92.62
454 -59.62 -316.79 19.63 91.74
455 -99.73 -325.96 19.34 90.74
456 -73.17 -329.3 19.94 93.26
457 -83.6 -303.59 20.49 95.86
458 -25.03 -382.52 18.62 86.78
459 27.15 -400.51 18.33 84.38
460 -90.21 -296.47 20.54 95.46
461 -16.92 -391.56 18.21 85.38
462 -76.83 -311.36 18.96 88.43
463 -21.09 -373.25 18.87 87.86
464 -93.16 -306.2 18.0 84.24
465 -10.64 -399.34 18.78 86.81
466 -6.97 -389.77 16.1 75.07
467 -56.38 -306.49 18.72 87.38
468 -81.44 -293.86 19.93 92.55
469 13.39 -384.76 18.82 87.02
470 -3.78 -407.67 17.53 82.09
471 17.19 -403.87 17.78 82.77
472 -52.78 -324.12 20.11 93.34
473 -62.73 -326.9 20.35 94.76
474 9.79 -395.16 18.28 84.75
475 -87.21 -286.38 20.2 94.01
476 -72.97 -302.71 19.56 91.45
477 -65.16 -310.01 18.32 90.11
478 36.91 -399.14 18.29 86.05
479 -13.82 -381.5 18.21 84.79
480 -28.25 -365.82 19.2 89.47
481 -69.57 -319.01 19.16 89.73
482 -46.07 -304.62 18.82 86.7
483 -4.24 -379.12 18.82 88.44
484 -37.88 -395.39 18.13 84.21
485 6.51 -405.35 17.36 80.37
486 -96.65 -316.0 20.29 95.36
487 -31.64 -375.7 19.08 89.42
488 -79.79 -320.93 20.29 94.21
489 -28.74 -403.85 15.86 86.21
490 -27.57 -393.68 18.41 85.7
491 2.89 -387.11 19.14 87.42
492 -66.36 -336.63 20.54 95.75
493 -63.02 -299.5 20.14 93.69
494 -49.33 -314.58 20.37 94.99
495 20.42 -392.32 18.57 86.24
496 -0.71 -397.33 18.11 82.58
497 -20.25 -402.21 17.92 83.04
498 -59.22 -344.72 19.68 91.86
499 -34.7 -386.15 18.48 86.68
500 136.4 -374.95 15.59 72.17
501 126.77 -344.93 17.9 83.24
502 151.35 -331.35 18.18 84.23
503 127.11 -371.92 17.2 79.15
504 175.0 -318.0 18.96 88.16
505 160.28 -333.02 16.51 74.53
506 164.91 -371.58 16.66 77.2
507 134.13 -337.26 18.31 85.25
508 153.34 -369.07 17.01 79.24
509 188.14 -331.99 18.28 85.09
510 130.02 -382.56 15.74 72.46
511 164.78 -315.75 20.22 96.11
512 117.21 -342.17 18.22 84.23
513 185.37 -320.04 16.9 78.38
514 123.9 -334.42 18.8 87.83
515 160.99 -361.75 17.53 81.83
516 167.81 -353.52 17.31 80.01
517 157.78 -351.01 17.61 81.84
518 148.43 -348.8 18.96 86.37
519 114.72 -331.85 16.74 77.21
520 175.01 -345.97 18.13 84.11
521 140.22 -356.81 18.75 87.2
522 147.02 -377.35 17.12 79.48
523 171.2 -363.7 17.62 81.4
524 178.36 -355.99 18.39 85.41
525 188.71 -358.46 15.12 75.5
526 141.13 -329.09 17.23 80.12
527 121.08 -353.62 17.76 85.29
528 133.74 -364.77 17.35 80.05
529 150.76 -359.61 17.62 81.45
530 137.5 -346.86 17.26 79.46
531 130.47 -327.04 17.42 76.79
532 130.41 -354.66 17.35 80.67
533 178.09 -327.69 17.45 81.19
534 144.79 -367.49 16.99 77.89
535 192.36 -340.56 17.43 80.66
536 172.97 -335.29 18.74 86.66
537 119.59 -323.84 18.47 85.84
