py/desispec/data/qa/qa-reference-tsnr2.ecsv
# %ECSV 0.9
# ---
# datatype:
# - {name: FIBER, datatype: int64}
# - {name: FIBERASSIGN_X, datatype: float64}
# - {name: FIBERASSIGN_Y, datatype: float64}
# - {name: TSNR2_LRG_BRIGHT, datatype: float64}
# - {name: TSNR2_LRG_DARK, datatype: float64}
# meta: {NIGHTMAX: 20210709, NIGHTMIN: 20210514}
# schema: astropy-2.0
FIBER FIBERASSIGN_X FIBERASSIGN_Y TSNR2_LRG_BRIGHT TSNR2_LRG_DARK
[from data line 3185]
3185 -162.06 305.55 19.24 87.85
3186 -159.06 295.75 18.88 86.05
3187 -233.74 293.88 19.1 87.73
3188 -206.76 269.51 19.28 89.0
3189 -216.67 299.28 18.58 85.43
3190 -226.54 301.43 19.21 88.28
3191 -230.87 255.83 19.89 91.25
3192 -178.96 272.3 19.17 87.91
3193 -241.19 285.81 19.13 88.69
3194 -230.93 282.15 19.9 93.1
3195 -161.98 278.19 19.03 87.98
3196 -196.75 267.21 19.28 89.98
3197 -201.45 276.83 20.42 93.4
3198 -209.5 279.37 18.79 87.09
3199 -182.8 310.11 19.2 88.4
3200 -127.34 141.45 13.15 59.23
3201 -103.25 154.61 18.43 82.72
3202 -114.02 129.38 19.01 86.38
3203 -125.61 158.91 9.91 43.38
3204 -96.58 162.27 18.67 85.32
3205 -82.42 178.24 17.24 77.82
3206 -121.2 175.52 17.35 79.63
3207 -91.2 170.22 11.08 47.04
3208 -107.26 136.92 18.59 84.71
3209 -92.79 180.2 17.89 81.3
3210 -69.15 165.86 18.17 82.55
3211 -69.89 138.07 19.31 87.79
3212 -93.44 152.69 17.8 80.39
3213 -106.6 164.51 17.72 80.43
3214 -113.39 156.69 17.75 80.39
3215 -127.33 169.5 19.07 86.75
3216 -67.2 156.78 17.71 80.64
3217 -104.0 127.15 16.68 76.12
3218 -100.24 144.98 17.05 77.75
3219 -116.51 167.14 13.25 59.61
3220 -75.14 159.49 19.1 87.95
3221 -72.13 176.25 18.02 81.84
3222 -131.35 150.68 18.68 84.76
3223 -78.87 167.87 17.75 80.26
3224 -62.54 146.31 18.93 86.62
3225 -86.16 160.16 17.32 77.58
3226 -65.6 183.53 18.02 81.75
3227 -97.1 135.13 17.72 80.3
3228 -102.6 182.29 17.33 78.93
3229 -59.06 163.52 17.86 81.15
3230 -124.37 131.65 18.29 83.78
3231 -56.0 153.88 17.39 78.92
3232 -143.9 163.54 17.94 81.94
3233 -75.52 185.44 18.77 85.59
3234 -117.53 139.24 18.82 85.79
3235 -52.8 143.37 18.09 83.35
3236 -99.88 172.6 17.3 78.66
3237 -134.3 161.4 18.24 82.5
3238 -140.99 153.42 17.97 80.58
3239 -85.64 188.0 18.48 83.95
3240 -137.39 171.42 18.56 84.63
3241 -72.59 148.54 18.99 86.65
3242 -91.52 142.99 18.77 84.91
3243 -59.21 136.15 18.93 86.27
3244 -79.83 140.59 17.96 81.58
3245 -120.49 149.2 18.1 81.31
3246 -62.41 173.39 18.45 83.83
3247 -110.23 145.43 17.94 81.84
3248 -110.1 174.39 19.07 87.63
3249 -82.64 150.71 18.51 84.38
3250 -145.49 255.94 18.78 87.1
3251 -214.11 233.55 18.75 85.83
3252 -200.67 221.57 18.58 84.92
3253 -129.42 234.07 19.01 86.41
3254 -182.86 255.17 19.2 87.63
3255 -139.13 236.18 19.68 89.73
3256 -166.32 260.61 19.99 91.01
3257 -198.13 211.88 19.75 89.62
3258 -193.93 229.54 19.03 86.04
3259 -173.58 225.0 18.33 82.51
3260 -173.14 252.82 19.19 87.17
3261 -232.09 226.84 18.01 82.65
3262 -180.73 217.48 19.56 88.92
3263 -187.58 209.34 19.77 89.71
3264 -153.37 220.62 19.39 88.14
3265 -197.82 239.74 19.07 87.08
3266 -214.69 206.4 18.68 83.44
3267 -177.05 234.95 18.34 82.89
3268 -180.05 244.66 19.02 86.33
3269 -187.09 237.35 18.59 84.17
3270 -204.73 203.98 19.47 87.2
3271 -133.84 243.5 18.74 80.87
3272 -148.74 265.64 19.2 88.29
3273 -217.54 243.91 18.93 87.17
3274 -158.29 230.56 19.09 83.47
3275 -142.34 245.9 19.09 86.73
3276 -236.06 238.99 19.53 85.19
3277 -225.02 236.1 18.6 85.18
3278 -183.75 227.11 18.55 84.26
3279 -135.73 226.45 19.26 87.56
3280 -167.88 213.66 18.79 85.82
3281 -149.11 239.8 18.69 83.97
3282 -201.36 248.01 19.35 87.83
3283 -204.29 231.8 19.07 86.43
3284 -208.06 213.74 17.25 78.33
3285 -211.28 224.11 18.4 83.31
3286 -208.99 241.38 19.09 86.03
3287 -227.29 246.08 18.47 83.53
3288 -190.97 219.31 19.03 85.69
3289 -221.41 226.57 18.56 84.8
3290 -146.5 228.53 18.58 84.22
3291 -155.71 258.3 19.24 87.9
3292 -163.06 250.83 18.6 84.69
3293 -190.43 247.06 18.93 86.0
3294 -166.51 232.72 19.16 87.37
3295 -163.29 223.75 18.87 85.34
3296 -152.43 247.77 18.61 85.06
3297 -219.8 215.87 19.06 87.55
3298 -169.67 242.35 18.93 86.39
3299 -161.18 240.43 19.28 86.01
3300 -199.18 156.28 17.43 78.09
3301 -153.03 155.5 17.82 81.39
3302 -43.26 113.88 18.11 82.78
3303 -66.46 128.31 18.1 81.3
3304 -134.8 135.19 18.26 83.1
3305 -155.04 137.58 18.73 83.85
3306 -76.65 102.98 17.62 79.32
3307 -178.59 152.3 16.19 72.09
3308 -158.62 147.2 18.27 82.1
3309 -182.0 161.75 18.13 81.93
3310 -174.8 140.9 18.64 80.95
3311 -46.53 123.75 18.53 83.2
3312 -80.22 113.16 18.48 83.73
3313 -137.61 143.17 18.78 84.51
3314 -49.63 133.89 17.07 76.87
3315 -43.14 86.81 17.88 80.09
3316 -83.66 123.19 18.16 81.51
3317 -76.76 130.34 18.23 81.28
3318 -46.45 96.76 18.59 85.05
3319 -63.6 90.76 19.11 87.16
3320 -191.95 164.61 17.58 79.42
3321 -56.99 98.69 18.94 86.14
3322 -165.12 140.24 17.63 78.91
3323 -73.02 120.62 18.04 81.17
3324 -36.81 94.38 19.73 90.69
3325 -69.91 110.88 18.01 82.08
3326 -74.4 94.68 20.04 88.91
3327 -61.46 108.54 21.05 94.06
3328 -147.87 145.71 18.32 82.78
3329 -63.46 119.03 16.74 74.94
3330 -52.9 116.51 18.2 82.18
3331 -66.48 101.16 16.91 76.58
3332 -60.39 81.4 18.81 85.17
3333 -55.91 126.17 18.4 82.75
3334 -171.85 159.81 17.61 79.45
3335 -168.73 150.16 17.49 78.11
3336 -144.92 135.77 18.37 82.19
3337 -53.9 89.09 18.49 83.64
3338 -161.96 130.01 17.73 80.23
3339 -148.67 118.03 18.53 84.26
3340 -171.46 132.77 18.1 81.37
3341 -151.68 127.86 18.53 83.08
3342 -131.43 124.08 17.92 80.8
3343 -190.44 153.87 17.05 76.61
3344 -39.86 104.24 18.12 81.9
3345 -154.58 165.8 18.24 81.36
3346 -141.35 126.11 18.26 82.7
3347 -50.11 106.71 17.78 80.86
3348 -161.79 157.78 18.93 84.71
3349 -185.78 144.59 13.12 58.84
3350 -239.28 192.53 13.2 59.25
3351 -85.0 215.78 17.97 80.91
3352 -125.68 224.09 18.76 85.15
3353 -236.96 210.42 18.25 81.48
3354 -255.49 214.79 17.56 80.59
3355 -115.69 221.78 18.37 83.13
3356 -248.72 222.64 18.35 83.4
3357 -108.67 229.78 18.34 82.88
3358 -116.33 194.64 18.06 82.74
3359 -95.72 189.64 18.13 81.58
3360 -263.28 206.98 16.82 76.26
3361 -95.03 217.67 18.35 83.37
3362 -119.51 204.29 17.85 80.17
3363 -225.22 208.65 18.13 82.15
3364 -228.45 218.57 17.8 80.68
3365 -109.36 201.96 18.25 81.77
3366 -82.6 232.14 17.37 84.13
3367 -78.88 195.71 18.77 84.97
3368 -238.5 220.73 17.96 81.15
3369 -252.41 204.78 18.06 81.95
3370 -259.35 197.47 18.11 83.07
3371 -98.94 199.99 18.01 80.78
3372 -221.7 198.34 18.25 82.16
3373 -106.05 192.23 18.49 82.67
3374 -242.03 231.53 17.62 80.45
3375 -245.35 212.55 18.49 84.32
3376 -92.17 207.51 18.46 83.19
3377 -232.41 200.97 14.69 65.64
3378 -82.17 205.52 17.52 78.7
3379 -251.83 232.71 17.99 82.29
3380 -242.34 203.19 18.3 81.98
3381 -258.94 224.87 17.63 80.36
3382 -274.27 210.43 18.74 84.93
3383 -246.44 239.64 17.51 77.91
3384 -122.76 214.49 18.87 85.16
3385 -71.97 202.97 18.21 82.39
3386 -75.17 213.27 18.25 81.33
3387 -249.3 195.05 18.29 83.29
3388 -279.57 229.21 17.39 78.09
3389 -269.16 227.42 17.75 80.78
3390 -88.85 197.54 18.78 85.2
3391 -68.97 193.07 18.8 85.62
3392 -112.3 212.27 19.0 85.36
3393 -78.72 222.98 18.55 84.09
3394 -261.93 234.84 18.15 81.87
3395 -106.04 219.84 18.54 83.46
3396 -276.35 219.2 17.55 80.19
3397 -102.28 209.76 17.56 78.79
3398 nan nan nan nan
3399 -265.67 217.64 18.05 82.11
3400 -124.9 103.73 17.51 79.77
3401 -46.81 67.86 20.91 92.11
3402 -121.43 121.38 17.17 77.94
3403 -134.82 106.62 18.49 83.88
3404 -30.58 73.64 22.31 100.22
3405 -138.62 115.54 18.31 81.91
3406 -17.33 36.58 20.98 92.28
3407 -93.51 124.84 18.81 85.33
3408 -101.16 117.3 19.06 86.06
3409 -49.51 50.5 21.87 98.36
3410 -42.36 58.76 22.1 99.47
3411 -101.88 89.33 18.35 83.43
3412 -91.25 87.93 19.44 87.22
3413 -97.7 79.71 18.58 84.27
3414 -108.12 109.21 19.65 89.04
3415 -28.0 64.09 21.81 100.69
3416 -14.92 26.36 22.36 99.8
3417 nan nan nan nan
3418 -112.01 91.64 18.95 86.61
3419 -41.18 50.55 20.74 94.81
3420 -21.02 43.69 20.9 93.71
3421 -97.47 107.38 19.6 88.88
3422 -37.99 38.09 22.05 100.83
3423 -72.83 66.05 21.83 98.99
3424 -84.27 95.38 18.81 85.49
3425 -77.22 75.28 19.45 88.54
3426 -29.43 48.49 21.72 98.52
3427 -90.64 114.8 18.59 84.13
3428 -110.92 119.09 17.91 81.27
3429 -129.46 112.69 14.51 65.15
3430 -114.82 101.38 18.16 82.31
3431 -32.63 55.84 20.04 93.34
3432 -63.77 62.01 21.64 95.0
3433 -53.93 59.73 22.4 97.72
3434 -71.2 83.5 15.95 71.86
3435 -28.46 36.14 21.82 99.54
3436 -38.57 76.2 21.84 97.93
3437 -69.02 73.63 22.28 101.14
3438 -58.78 70.87 20.58 93.89
3439 -104.84 99.61 19.49 88.86
3440 -80.68 85.21 18.33 83.51
3441 -87.28 104.78 19.85 90.78
3442 -51.8 79.17 22.6 101.28
3443 -22.16 54.0 20.99 94.33
3444 -35.75 65.9 22.31 101.69
3445 -94.6 97.26 18.57 84.88
3446 -61.87 52.3 22.12 98.67
3447 -117.93 111.66 19.5 88.46
3448 -33.21 86.2 12.08 52.19
3449 -22.29 26.51 20.82 94.25
3450 -202.2 314.55 18.04 82.13
3451 -239.26 326.85 16.29 72.58
3452 -151.63 303.32 18.71 85.32
3453 -134.98 281.36 19.12 86.86
3454 -134.35 308.79 19.0 85.36
3455 -138.28 291.17 18.86 86.98
3456 -141.87 273.57 18.62 84.32
3457 -225.84 329.54 15.88 72.83
3458 -131.4 299.27 19.17 87.2
3459 -152.99 315.48 18.67 83.64
3460 -264.43 300.7 17.3 78.6
3461 -98.18 282.39 17.95 80.81
3462 -107.68 284.77 18.98 86.5
3463 -110.95 295.05 18.99 86.17
3464 -247.68 306.07 16.74 75.71
3465 -114.35 304.77 17.95 81.37
3466 -219.75 337.51 15.79 71.76
3467 -229.84 311.32 17.3 80.66
3468 -257.99 308.44 17.73 80.22
3469 -240.33 314.21 17.6 81.6
3470 -202.89 342.68 17.39 78.46
3471 -192.36 312.44 17.48 78.63
3472 -213.29 316.69 18.4 83.91
3473 -144.64 311.11 17.52 79.93
3474 -195.79 322.24 17.15 77.45
3475 -200.52 331.39 17.74 81.32
3476 -213.32 344.76 16.23 72.36
3477 -101.14 292.56 18.17 82.59
3478 -236.89 333.58 15.41 69.92
3479 -124.38 307.57 18.02 82.03
3480 -237.04 303.65 16.81 76.8
3481 -141.34 301.29 17.64 80.22
3482 -104.54 302.26 16.44 74.17
3483 -145.52 283.87 17.01 78.17
3484 -121.24 297.11 18.07 82.36
3485 -148.22 293.48 18.15 82.41
3486 -233.63 322.65 16.91 nan
3487 nan nan nan nan
3488 -250.77 316.46 15.2 69.22
3489 -117.82 286.93 18.22 82.92
3490 -129.28 288.24 18.39 81.13
3491 -209.39 335.11 17.6 80.07
3492 -117.18 314.94 17.69 80.63
3493 -110.88 322.0 16.51 74.55
3494 -209.68 306.86 17.07 77.1
3495 -124.81 279.65 17.59 80.42
3496 -220.07 309.14 16.68 76.07
3497 -107.75 312.48 18.07 81.83
3498 -223.19 317.75 17.28 76.7
3499 -216.67 327.24 17.3 78.33
3500 -189.83 9.7 20.69 93.46
3501 -196.03 35.42 20.01 91.09
3502 -242.51 24.52 19.16 87.06
3503 nan nan nan nan
3504 -189.1 18.71 19.5 88.21
3505 nan nan nan nan
3506 -96.22 29.75 19.99 90.55
3507 -110.38 72.91 20.03 89.63
3508 -119.54 69.0 20.3 90.83
3509 -217.38 6.48 18.73 84.1
3510 -213.26 37.05 19.54 88.46
3511 -102.29 67.36 20.57 92.24
3512 -112.27 52.53 20.39 92.6
3513 -197.29 24.49 19.64 88.96
3514 -205.22 30.89 19.62 89.09
3515 -129.86 53.13 20.75 96.35
3516 -122.18 38.73 21.53 98.4
3517 -138.73 60.78 19.67 88.56
3518 -207.17 10.76 20.52 88.77
3519 -236.3 6.48 16.47 74.9
3520 nan nan nan nan
3521 -220.69 42.28 21.18 94.01
3522 -116.96 79.25 22.36 102.14
3523 -197.88 14.61 20.74 93.98
3524 -243.51 13.99 20.17 91.59
3525 -224.48 22.35 20.91 94.67
3526 -111.16 63.23 21.31 95.91
3527 -86.23 44.71 21.74 98.24
3528 -121.9 48.3 21.28 95.91
3529 -252.78 9.63 21.0 95.15
3530 -217.18 15.37 21.78 99.81
3531 -187.73 29.14 20.56 93.83
3532 -84.95 54.03 18.44 83.28
3533 -179.23 22.26 22.41 106.0
3534 -223.44 32.55 20.46 93.27
3535 -251.38 19.77 21.18 95.76
3536 -225.4 12.32 20.74 93.71
3537 -129.39 64.76 20.7 92.94
3538 -206.38 20.29 21.01 95.25
3539 -104.0 46.76 20.92 94.31
3540 -103.37 56.86 21.09 94.41
3541 -215.04 26.44 20.72 93.79
3542 -113.7 42.63 20.66 93.9
3543 -140.07 50.47 20.62 93.55
3544 -120.54 58.69 21.35 95.88
3545 -131.36 44.29 20.98 94.2
3546 -94.73 60.27 24.01 108.55
3547 -94.83 41.03 21.41 96.18
3548 -113.05 31.21 22.08 101.98
3549 -233.04 28.15 20.01 90.68
3550 -332.86 23.68 18.71 85.44
3551 -342.46 30.91 19.11 83.83
3552 -222.94 121.94 19.55 88.47
3553 -204.86 119.94 10.58 19.04
3554 -212.81 126.33 19.36 87.76
3555 -350.29 36.47 19.11 87.95
3556 -195.62 124.43 18.94 84.9
3557 -214.12 116.13 20.05 90.54
3558 -203.07 140.67 19.15 86.1
3559 -314.23 32.03 18.91 87.4
3560 -322.08 36.78 19.4 88.27
3561 -216.36 94.75 20.35 91.52
3562 -304.4 36.36 18.89 87.41
3563 -207.04 99.26 19.67 89.12
3564 -343.22 19.33 18.96 86.21
3565 -169.41 115.81 19.57 88.06
3566 -215.17 105.65 19.06 85.36
3567 -224.03 112.18 18.88 85.35
3568 -315.52 11.05 18.96 86.57
3569 -324.0 17.68 18.27 83.38
3570 -340.59 40.44 18.69 86.44
3571 -198.62 93.18 19.1 85.76
3572 -187.15 118.07 19.04 85.98
3573 -205.79 109.94 20.16 91.41
3574 -323.49 27.98 18.92 86.1
3575 -360.65 20.99 18.2 83.94
3576 -198.06 103.4 21.43 96.9
3577 -331.77 34.22 19.57 88.68
3578 -344.38 8.67 20.48 94.69
3579 -186.4 128.03 21.48 97.81
3580 -352.17 14.82 20.07 92.64
3581 -177.96 122.26 21.5 97.04
3582 -325.5 9.29 20.65 90.29
3583 -351.42 25.62 20.28 92.33
3584 -178.2 112.05 21.38 96.92
3585 -189.11 97.42 21.84 97.96
3586 -305.64 26.05 20.72 96.58
3587 nan nan nan nan
3588 nan nan nan nan
3589 -194.94 134.14 21.48 97.38
3590 -306.74 15.44 20.68 94.65
3591 -295.86 30.06 20.5 94.39
3592 -330.74 44.55 20.67 95.41
3593 -188.38 106.47 18.72 80.8
3594 -196.79 113.79 21.4 96.27
3595 -233.44 107.79 20.32 92.47
3596 -339.16 50.65 18.99 86.76
3597 -312.87 42.34 19.98 92.9
3598 -332.95 12.4 21.71 91.29
3599 -315.23 22.07 20.54 93.87
3600 -301.36 156.62 16.93 78.36
3601 -255.78 168.07 20.59 94.39
3602 -385.93 129.59 18.79 85.79
3603 -365.49 137.19 19.15 88.95
3604 -272.24 169.1 19.64 90.55
3605 -375.75 143.47 19.81 93.13
3606 -263.2 173.64 21.42 98.52
3607 -339.21 139.58 20.57 94.89
3608 -348.01 145.57 19.37 89.85
3609 -356.22 152.27 19.82 91.72
3610 -290.16 170.69 18.32 84.31
3611 -364.35 157.86 19.32 89.91
3612 -379.25 101.63 19.66 91.25
3613 -358.69 131.78 19.58 91.0
3614 -253.96 177.17 21.07 95.64
3615 -376.27 133.57 19.15 89.13
3616 -270.76 189.49 20.16 92.07
3617 -275.82 138.1 17.12 77.87
3618 -390.43 87.56 18.66 87.01
3619 -291.42 161.18 20.36 94.89
3620 -281.0 175.13 21.02 95.75
3621 -244.95 171.0 20.66 94.16
3622 -376.89 122.63 19.39 91.3
3623 -282.59 154.76 20.72 97.29
3624 -374.64 153.9 19.15 88.79
3625 -264.88 152.55 20.37 93.51
3626 -279.45 195.7 19.75 90.93
3627 -349.75 125.19 19.85 92.09
3628 -359.52 121.06 19.98 92.77
3629 -371.69 105.87 19.4 89.13
3630 -273.63 158.83 21.02 97.59
3631 -282.12 164.81 19.86 92.72
3632 -387.09 119.24 18.88 86.5
3633 -270.82 178.73 20.76 90.19
3634 nan nan nan nan
3635 -309.56 162.62 20.52 94.76
3636 -274.55 148.87 20.31 94.61
3637 -365.85 148.05 19.07 87.1
3638 -357.34 142.08 20.22 93.66
3639 -388.59 96.7 17.72 77.65
3640 -293.59 149.45 20.67 88.72
3641 -279.63 185.6 21.17 96.59
3642 -283.95 143.74 20.72 96.2
3643 -368.09 115.57 18.28 84.19
3644 -262.89 183.05 21.89 99.23
3645 -348.77 135.17 19.95 92.57
3646 -378.39 113.17 19.48 90.76
3647 -264.02 162.38 20.01 92.08
3648 -299.98 166.77 20.13 92.26
3649 -367.97 127.27 17.83 82.73
3650 -289.2 92.03 20.05 91.45
3651 -264.5 83.87 20.01 92.82
3652 -328.45 65.12 19.79 91.3
3653 -309.69 73.17 19.47 89.76
3654 -250.36 119.64 21.3 96.37
3655 -321.1 48.71 20.29 93.44
3656 -243.05 103.07 20.89 93.93
3657 -251.37 109.07 21.58 97.62
3658 -267.7 121.22 20.61 92.93
3659 -320.27 58.85 20.31 93.75
3660 -290.49 81.93 17.32 79.09
3661 -303.24 46.47 20.47 94.69
3662 -301.0 67.05 20.91 96.27
3663 -241.87 113.18 21.61 98.35
3664 -275.24 128.16 19.03 91.22
3665 -310.5 63.07 20.73 95.8
3666 -292.73 61.51 21.26 97.35
3667 -329.73 54.85 20.3 93.71
3668 -308.71 83.91 24.26 nan
3669 -311.22 53.42 20.28 91.44
3670 -264.48 73.88 21.2 96.53
3671 -320.64 69.44 20.6 95.41
3672 -252.5 99.33 21.35 97.02
3673 -278.93 106.39 20.92 95.18
3674 -283.09 66.85 20.58 93.03
3675 -287.76 102.72 18.94 85.72
3676 -279.96 96.8 20.25 92.23
3677 -297.87 98.94 19.97 92.11
3678 -287.56 112.51 20.82 94.8
3679 -262.4 105.43 21.98 94.64
3680 -259.65 115.65 19.75 89.62
3681 -301.36 78.68 20.57 92.84
3682 -298.59 88.43 20.8 95.86
3683 -302.14 56.72 20.62 95.39
3684 -284.15 55.22 20.97 96.5
3685 -291.27 69.77 20.69 95.95
3686 -274.58 59.12 20.68 93.83
3687 -281.09 86.22 16.85 76.99
3688 -269.16 110.89 21.53 97.68
3689 -271.55 90.71 19.81 90.44
3690 -273.39 69.76 21.64 99.24
3691 -295.03 40.46 20.17 93.41
3692 -277.46 116.36 19.02 86.94
3693 -270.25 100.83 20.99 95.36
3694 -261.91 94.8 20.16 91.06
3695 -282.09 75.1 20.79 95.5
3696 -253.66 88.36 20.56 93.0
3697 -285.33 44.61 21.05 96.84
3698 -293.53 50.41 20.56 94.51
3699 -272.58 79.98 21.14 97.06
3700 -209.54 57.58 20.82 92.65
3701 -186.5 39.04 22.27 101.08
