py/desispec/data/qa/qa-reference-tsnr2.ecsv
# %ECSV 0.9
# ---
# datatype:
# - {name: FIBER, datatype: int64}
# - {name: FIBERASSIGN_X, datatype: float64}
# - {name: FIBERASSIGN_Y, datatype: float64}
# - {name: TSNR2_LRG_BRIGHT, datatype: float64}
# - {name: TSNR2_LRG_DARK, datatype: float64}
# meta: {NIGHTMAX: 20210709, NIGHTMIN: 20210514}
# schema: astropy-2.0
FIBER FIBERASSIGN_X FIBERASSIGN_Y TSNR2_LRG_BRIGHT TSNR2_LRG_DARK
[from data line 1589]
1589 215.66 5.73 19.66 89.84
1590 267.65 185.92 19.35 88.96
1591 241.94 32.11 20.49 93.41
1592 304.57 176.34 19.68 90.71
1593 220.64 50.24 20.09 92.82
1594 283.7 158.6 19.84 92.06
1595 268.71 168.14 20.81 92.18
1596 261.14 157.59 19.81 87.71
1597 248.42 4.91 14.18 62.51
1598 236.09 5.18 20.84 96.39
1599 257.06 168.14 20.03 93.14
1600 393.38 5.96 17.98 83.85
1601 347.27 16.33 18.32 87.03
1602 372.3 23.36 19.07 88.51
1603 393.66 77.3 18.24 84.97
1604 371.92 41.62 19.25 90.06
1605 360.35 42.03 20.08 93.95
1606 367.19 14.27 19.39 91.23
1607 356.74 14.02 19.59 91.65
1608 371.95 59.76 19.34 90.9
1609 380.85 24.17 18.51 84.65
1610 344.53 31.81 21.6 97.63
1611 382.88 59.1 19.48 89.87
1612 403.95 41.65 16.92 78.62
1613 393.89 58.86 18.96 88.29
1614 365.62 69.2 20.06 94.26
1615 372.37 77.45 15.77 73.5
1616 361.98 23.45 18.99 88.56
1617 341.44 23.54 18.74 87.49
1618 351.38 5.67 19.19 90.28
1619 350.62 59.09 20.08 91.98
1620 393.6 41.67 18.53 86.85
1621 397.16 13.26 19.33 86.67
1622 351.25 41.3 19.35 90.25
1623 351.12 23.61 19.31 90.19
1624 377.2 32.66 18.39 86.22
1625 377.76 14.26 18.56 85.87
1626 404.01 6.33 16.06 74.2
1627 382.54 77.96 18.69 86.69
1628 361.7 59.21 19.36 89.78
1629 404.14 22.65 18.19 84.55
1630 393.19 23.22 18.88 87.89
1631 377.16 68.25 19.01 88.78
1632 398.6 32.41 18.06 84.44
1633 367.16 50.67 19.03 88.98
1634 356.42 50.44 19.17 89.86
1635 357.18 68.03 18.81 87.92
1636 372.08 5.7 18.68 87.09
1637 377.55 50.5 18.77 88.23
1638 388.19 68.29 2.82 18.79
1639 388.08 51.33 20.72 85.43
1640 382.83 41.63 18.97 88.41
1641 383.1 5.1 18.56 84.33
1642 361.39 76.69 18.85 90.17
1643 398.99 50.77 18.05 83.84
1644 361.32 5.55 21.01 91.21
1645 399.79 66.95 18.46 82.13
1646 356.31 32.23 18.26 85.01
1647 387.65 14.27 17.23 79.76
1648 366.9 32.38 18.42 85.6
1649 387.94 32.47 nan 16.48
1650 272.49 68.43 18.79 87.16
1651 nan nan nan nan
1652 277.92 131.62 18.29 84.81
1653 262.1 104.84 20.12 93.96
1654 257.39 95.66 19.88 92.23
1655 298.56 113.46 20.1 93.7
1656 267.57 95.46 18.99 88.04
1657 272.44 104.61 17.2 79.79
1658 272.66 86.16 18.7 86.89
1659 294.05 140.79 19.83 91.59
1660 267.59 77.56 19.5 90.92
1661 272.92 50.32 19.81 91.42
1662 267.77 113.53 20.35 94.6
1663 277.9 95.4 18.76 86.39
1664 299.34 131.21 19.89 92.26
1665 293.65 122.54 20.09 93.49
1666 298.51 59.34 20.0 93.06
1667 262.29 122.5 19.99 92.91
1668 283.18 104.64 19.78 92.73
1669 293.59 104.63 20.36 93.99
1670 298.25 77.0 19.64 91.72
1671 262.57 68.28 20.33 94.48
1672 278.22 59.76 21.55 100.83
1673 288.13 113.54 20.21 94.21
1674 278.04 77.65 20.17 94.4
1675 257.01 77.59 18.91 87.59
1676 299.06 149.62 19.19 88.91
1677 256.64 59.78 21.83 100.13
1678 288.25 95.28 18.74 86.91
1679 292.21 67.56 21.03 97.22
1680 288.14 77.25 20.43 95.04
1681 262.09 140.53 19.93 91.99
1682 293.31 85.92 19.67 91.45
1683 262.4 50.05 21.92 98.54
1684 273.03 122.54 19.66 90.86
1685 279.25 113.48 21.24 100.82
1686 288.52 131.64 19.7 91.31
1687 283.14 140.17 20.01 92.9
1688 262.42 86.09 19.85 92.64
1689 304.03 140.83 19.57 90.64
1690 257.3 131.37 20.49 95.08
1691 288.47 149.41 17.64 81.59
1692 283.1 68.46 18.55 86.52
1693 256.94 113.57 20.92 96.8
1694 272.94 140.65 20.35 94.18
1695 288.19 59.68 20.29 94.78
1696 283.44 122.37 20.06 94.87
1697 283.12 86.18 20.43 94.83
1698 267.62 58.83 19.79 91.43
1699 267.77 131.77 20.54 94.89
1700 173.56 113.88 19.02 86.21
1701 189.24 104.65 18.5 83.87
1702 117.0 14.04 20.09 91.95
1703 127.18 13.86 20.43 94.31
1704 168.62 104.56 19.77 91.39
1705 184.26 96.04 18.8 91.51
1706 106.27 14.05 20.32 93.94
1707 132.4 5.66 21.38 98.75
1708 101.31 5.31 20.49 94.38
1709 194.46 131.66 19.89 90.03
1710 184.06 113.86 19.92 90.25
1711 111.43 41.22 21.48 98.59
1712 96.24 32.65 19.16 86.04
1713 194.69 96.17 20.25 92.87
1714 189.27 122.81 20.37 93.01
1715 147.95 32.58 21.26 98.78
1716 111.52 5.57 21.41 99.39
1717 121.86 41.3 20.64 94.77
1718 101.4 23.06 20.49 94.3
1719 123.32 5.94 22.63 107.29
1720 143.19 41.52 13.0 58.95
1721 121.79 23.34 21.04 97.25
1722 179.84 104.86 20.37 92.77
1723 168.03 86.61 20.12 91.75
1724 210.15 122.56 19.21 87.56
1725 215.35 131.97 18.94 86.14
1726 199.93 122.91 20.19 91.55
1727 204.73 113.61 18.62 84.14
1728 205.32 95.87 20.1 92.87
1729 142.48 23.46 20.34 93.6
1730 142.15 5.11 19.59 89.66
1731 209.84 141.06 19.09 87.12
1732 111.37 23.48 20.04 91.63
1733 205.13 131.89 19.51 89.42
1734 nan nan nan nan
1735 137.4 14.48 19.56 89.4
1736 126.57 30.87 18.23 87.84
1737 199.86 104.29 20.47 94.05
1738 95.72 14.04 20.82 95.29
1739 194.7 113.69 19.92 91.19
1740 137.55 32.13 20.9 95.63
1741 179.35 122.08 19.41 88.19
1742 132.25 23.51 19.87 91.42
1743 105.87 32.7 17.69 80.5
1744 156.34 106.18 21.11 96.07
1745 162.93 94.79 19.97 85.5
1746 158.1 86.83 21.06 96.67
1747 116.63 32.26 20.87 95.32
1748 179.68 86.65 20.06 92.41
1749 132.53 42.97 21.24 105.81
1750 361.96 95.53 19.43 91.33
1751 335.92 32.66 19.66 92.21
1752 346.27 50.51 19.81 93.13
1753 303.99 32.23 20.01 93.55
1754 314.3 14.12 20.16 92.92
1755 314.11 50.57 19.74 92.65
1756 nan nan nan nan
1757 341.36 5.69 19.23 89.44
1758 367.39 122.33 19.98 89.01
1759 367.03 86.34 19.01 88.89
1760 304.43 14.25 20.34 94.68
1761 309.24 41.55 19.65 91.62
1762 388.57 122.5 16.02 48.55
1763 388.46 104.45 5.24 1163.76
1764 319.91 23.0 nan 122.76
1765 330.06 5.59 19.41 89.63
1766 325.47 50.03 20.38 92.64
1767 356.85 87.12 17.55 81.57
1768 335.54 15.83 20.7 98.3
1769 330.92 41.5 18.28 85.31
1770 303.96 50.15 19.13 89.49
1771 309.08 23.28 19.17 88.87
1772 378.1 140.57 6.52 48.64
1773 nan nan nan nan
1774 356.68 104.59 19.12 89.4
1775 298.9 5.72 19.57 90.74
1776 340.52 41.22 19.46 91.07
1777 361.76 111.78 18.77 85.5
1778 319.26 41.36 17.59 81.74
1779 314.1 32.57 18.97 88.49
1780 330.42 23.39 18.97 88.59
1781 382.65 95.01 18.63 87.1
1782 383.36 131.6 22.29 92.37
1783 324.92 31.36 16.32 72.09
1784 366.34 139.29 20.11 85.43
1785 309.5 5.74 19.38 89.45
1786 320.14 5.57 19.47 91.16
1787 nan nan nan nan
1788 372.26 131.8 17.74 83.05
1789 366.73 104.57 16.17 75.85
1790 378.38 84.99 20.09 82.27
1791 325.15 14.14 19.74 92.07
1792 377.66 103.62 17.79 82.38
1793 362.67 131.99 18.26 85.04
1794 nan nan nan nan
1795 387.85 86.12 17.64 82.37
1796 367.99 158.54 16.54 77.51
1797 335.75 50.3 18.6 86.61
1798 372.51 95.53 18.48 86.39
1799 373.51 151.08 17.29 79.95
1800 145.88 13.25 20.9 93.02
1801 158.1 50.3 22.2 96.88
1802 194.45 77.41 19.99 92.94
1803 189.73 32.39 19.14 88.09
1804 173.84 77.53 20.5 94.76
1805 189.36 68.59 19.89 91.3
1806 200.02 14.17 19.04 87.89
1807 184.14 77.95 19.28 88.79
1808 153.35 23.02 20.67 95.86
1809 204.91 23.37 19.57 90.65
1810 168.59 32.51 19.74 90.66
1811 189.08 86.22 19.52 89.66
1812 163.32 59.43 19.81 91.31
1813 158.22 68.59 20.17 91.81
1814 194.94 41.01 19.3 89.31
1815 184.11 40.95 20.01 91.94
1816 178.93 50.24 20.49 94.37
1817 153.56 5.37 20.85 95.31
1818 195.01 23.68 19.95 92.27
1819 204.98 41.69 20.25 92.99
1820 205.13 59.5 19.87 91.81
1821 163.42 23.59 20.79 96.07
1822 183.98 59.89 17.65 80.02
1823 163.75 77.32 19.15 87.83
1824 158.37 14.25 20.15 93.7
1825 153.1 59.47 20.08 92.37
1826 200.05 32.11 20.04 85.25
1827 184.33 23.41 19.53 90.46
1828 nan nan nan nan
1829 157.9 32.81 15.36 70.58
1830 200.25 68.05 18.86 86.73
1831 168.43 68.37 20.0 92.45
1832 184.22 5.59 20.1 92.69
1833 189.84 14.0 19.98 92.05
1834 173.96 59.89 20.04 91.73
1835 200.0 86.6 19.36 84.01
1836 168.37 13.62 20.03 94.7
1837 205.01 77.16 19.65 90.91
1838 nan nan nan nan
1839 163.75 5.89 19.87 91.43
1840 163.5 41.17 19.91 90.81
1841 194.84 5.81 19.34 89.15
1842 178.92 68.47 19.74 91.09
1843 173.73 41.42 19.07 87.66
1844 189.65 49.88 19.54 100.24
1845 173.9 22.89 19.85 91.51
1846 168.87 50.54 20.29 92.81
1847 179.03 14.2 18.29 84.01
1848 178.99 32.38 20.31 94.46
1849 199.8 50.44 19.95 92.03
1850 298.8 41.06 18.89 87.94
1851 314.7 158.14 18.11 83.36
1852 362.57 167.98 18.18 84.5
1853 267.93 22.84 19.69 91.09
1854 309.41 149.34 20.37 91.18
1855 356.83 158.37 18.64 86.0
1856 330.54 149.14 19.75 90.52
1857 288.5 5.64 20.4 94.03
1858 288.13 41.18 19.7 91.62
1859 267.75 41.22 18.61 86.1
1860 335.89 177.15 19.22 90.01
1861 325.3 158.69 19.24 89.01
1862 293.59 32.3 19.85 92.49
1863 326.28 177.88 20.84 89.18
1864 310.4 185.64 18.97 88.55
1865 357.65 177.15 18.24 84.69
1866 267.73 5.31 21.63 101.53
1867 321.31 166.58 18.06 81.15
1868 nan nan nan nan
1869 288.71 23.47 18.96 88.37
1870 351.62 149.52 18.84 88.5
1871 277.87 23.56 20.1 92.39
1872 347.52 196.1 18.62 85.05
1873 340.9 167.56 18.34 85.02
1874 262.66 32.52 19.91 91.61
1875 262.55 14.32 19.87 91.52
1876 277.95 41.3 19.59 90.25
1877 283.3 14.37 20.35 93.63
1878 352.12 185.49 17.57 80.99
1879 293.52 50.51 19.82 92.92
1880 278.11 5.42 19.81 91.67
1881 293.85 14.24 20.02 92.78
1882 320.25 149.52 17.16 79.39
1883 298.87 23.5 19.95 92.29
1884 283.6 32.26 19.45 89.95
1885 252.31 14.16 20.51 94.3
1886 309.57 167.65 17.31 80.46
1887 346.13 177.08 18.75 87.12
1888 272.56 32.56 19.24 89.63
1889 346.01 158.5 18.37 85.71
1890 316.02 177.45 19.51 91.24
1891 330.74 167.15 18.42 85.72
1892 256.42 24.05 20.32 95.03
1893 341.06 149.28 19.11 88.3
1894 340.84 185.55 17.97 83.07
1895 283.23 50.19 19.76 91.85
1896 257.12 41.44 20.34 94.05
1897 335.58 158.44 19.21 89.77
1898 256.71 5.57 14.01 64.81
1899 272.93 14.26 20.03 91.98
1900 241.43 68.48 19.23 88.62
1901 210.54 50.91 18.7 86.15
1902 220.66 122.67 18.73 85.55
1903 210.12 86.94 18.8 86.01
1904 215.27 59.28 19.3 88.82
1905 243.16 158.7 19.56 87.2
1906 225.94 113.8 18.56 85.04
1907 231.04 104.6 18.32 84.73
1908 236.56 113.37 18.84 86.6
1909 236.23 94.01 19.31 89.34
1910 225.76 149.76 18.1 83.49
1911 221.09 86.89 19.38 89.51
1912 236.44 149.55 18.73 86.02
1913 231.22 158.97 18.37 84.36
1914 230.93 122.75 18.96 86.89
1915 225.71 131.92 18.81 86.38
1916 225.5 95.44 18.66 85.49
1917 252.13 68.58 18.58 85.43
1918 210.24 104.47 18.85 86.54
1919 246.56 149.72 36.57 125.46
1920 220.76 104.59 18.57 85.78
1921 231.38 140.62 18.82 86.76
1922 251.54 122.54 18.38 84.7
1923 246.66 131.6 17.33 79.62
1924 226.15 77.04 19.07 88.52
1925 246.72 113.42 18.5 85.97
1926 246.73 167.48 18.46 85.13
1927 240.91 87.26 18.53 85.36
1928 215.32 95.34 19.27 88.84
1929 251.95 104.25 19.58 91.22
1930 215.77 113.31 19.07 87.62
1931 220.65 141.04 18.29 83.59
1932 nan nan nan nan
1933 231.22 86.88 18.61 86.01
1934 246.61 95.52 18.65 85.92
1935 241.22 140.52 18.7 85.55
1936 241.62 104.47 19.16 88.51
1937 246.63 59.73 18.88 87.41
1938 245.31 77.01 19.04 84.04
1939 230.97 68.3 18.18 83.68
1940 236.23 131.5 19.36 89.01
1941 220.7 67.92 19.48 90.17
1942 210.13 68.32 15.89 73.25
1943 241.68 122.59 19.4 90.01
1944 251.73 140.47 19.11 87.49
1945 251.67 86.34 19.29 89.79
1946 236.2 59.58 19.36 89.51
1947 225.6 59.1 19.46 89.89
1948 236.09 77.53 18.11 83.82
1949 253.23 159.34 18.77 84.69
1950 329.89 76.93 19.18 89.01
1951 341.46 113.16 18.8 87.64
1952 324.75 86.1 17.63 81.93
1953 345.94 140.68 17.89 84.27
1954 346.32 86.5 19.12 88.54
1955 309.42 94.95 19.13 89.05
1956 319.46 59.64 19.24 89.84
1957 325.31 140.36 19.29 90.06
1958 319.87 131.52 19.56 91.57
1959 314.35 104.3 19.52 90.81
1960 308.92 77.4 19.16 89.96
1961 304.17 104.84 18.24 85.38
1962 330.32 111.74 20.09 93.82
1963 346.43 122.71 18.04 83.74
1964 344.65 69.06 20.65 90.58
1965 336.88 86.75 17.23 79.97
1966 309.06 59.11 18.7 87.32
1967 330.44 59.5 17.47 80.53
1968 351.3 95.53 18.93 88.33
1969 346.69 104.72 18.49 86.06
1970 314.69 122.5 17.97 83.67
1971 319.48 95.29 19.51 90.92
1972 330.37 131.8 18.38 85.19
1973 350.89 112.97 18.87 88.62
1974 340.5 59.26 18.87 88.24
1975 362.2 149.59 18.12 85.11
1976 309.13 131.19 18.79 87.97
1977 319.29 113.28 16.59 76.42
1978 335.75 122.72 16.47 77.04
1979 324.89 122.93 19.08 89.31
1980 324.42 104.17 18.35 85.85
1981 305.33 121.59 21.1 92.29
1982 351.21 131.78 18.55 86.39
1983 304.02 68.69 18.95 88.52
1984 340.71 77.34 19.82 90.45
1985 335.35 104.71 19.22 97.87
1986 339.52 94.56 19.86 92.63
1987 357.2 140.21 18.21 84.86
1988 319.69 77.56 19.21 88.68
1989 314.62 68.7 19.17 89.34
1990 351.62 77.32 nan 76.37
1991 356.6 122.46 19.65 86.92
1992 314.23 86.35 18.91 88.07
1993 340.97 131.64 19.29 90.05
1994 335.22 68.52 17.51 80.99
1995 309.34 113.79 16.5 76.08
1996 314.51 140.66 19.27 88.98
1997 329.71 95.29 18.91 89.24
1998 325.14 68.38 18.78 87.15
1999 335.43 140.52 16.77 77.9
2000 232.74 330.27 15.31 70.54
2001 234.92 310.93 17.31 82.19
2002 255.2 192.88 18.03 85.04
2003 263.68 199.22 17.26 81.95
2004 244.0 217.09 18.01 85.1
2005 204.26 344.52 17.1 80.44
2006 261.41 208.11 18.79 85.99
2007 254.62 291.46 17.0 80.08
2008 234.33 221.59 17.74 83.94
2009 236.59 200.72 17.77 84.43
2010 223.72 316.18 17.36 81.59
2011 253.82 302.2 16.86 79.79
2012 226.3 215.49 17.85 84.38
2013 233.38 232.0 17.29 81.67
2014 255.04 202.66 17.23 81.69
2015 nan nan nan nan
2016 237.49 190.62 18.55 87.6
2017 246.48 285.72 18.14 85.37
2018 253.05 313.13 16.44 77.79
2019 247.1 186.96 18.43 86.87
2020 236.07 300.14 17.65 83.38
2021 245.68 295.98 16.93 80.09
2022 224.47 325.3 16.06 76.1
2023 242.91 227.66 17.89 84.4
2024 245.21 207.02 18.05 85.16
2025 237.64 280.0 18.26 86.43
2026 214.59 329.37 15.89 74.7
2027 227.06 204.88 18.62 87.88
2028 236.52 289.93 17.63 82.74
2029 244.74 195.4 18.22 85.17
2030 251.2 233.55 17.9 84.43
2031 245.45 316.88 16.9 76.24
2032 215.95 319.06 17.04 79.99
2033 225.09 225.57 18.93 89.8
2034 226.54 304.92 17.82 83.43
2035 216.72 219.2 18.55 88.17
2036 nan nan nan nan
2037 262.38 309.24 16.8 78.44
2038 250.62 243.97 18.69 88.17
2039 252.8 223.29 18.19 86.67
2040 235.45 211.17 18.36 86.98
2041 233.93 321.62 17.39 82.72
2042 213.65 340.83 15.91 74.91
2043 253.43 212.9 18.45 88.38
2044 244.55 306.62 17.25 81.38
2045 227.23 294.22 17.72 83.95
2046 263.1 297.54 17.58 82.7
2047 242.75 327.39 16.16 75.45
2048 241.6 237.99 18.6 88.33
2049 272.08 205.18 18.16 87.15
2050 161.45 224.28 17.37 82.09
2051 nan nan nan nan
2052 140.17 253.47 18.03 85.68
2053 189.42 209.93 17.24 78.78
2054 178.64 235.15 16.41 76.17
2055 150.75 239.08 18.18 85.98
2056 156.06 276.08 17.16 81.09
2057 159.48 244.68 17.44 81.78
2058 168.17 251.16 17.59 83.12
2059 147.57 270.27 17.02 80.15
2060 148.27 259.8 18.31 86.45
2061 185.63 252.72 17.83 85.54
2062 130.77 257.35 18.44 87.87
2063 169.9 242.23 18.48 85.89
2064 149.66 249.17 17.52 83.25
2065 181.37 205.53 18.44 87.58
2066 nan nan nan nan
2067 139.02 263.55 18.46 87.21
2068 197.32 227.87 17.22 81.46
2069 189.24 221.39 16.27 76.88
2070 131.07 268.44 18.23 84.36
2071 179.33 225.98 18.01 85.19
2072 165.32 271.86 18.49 88.01
2073 138.21 274.03 17.55 82.23
2074 165.6 260.02 17.75 79.13
2075 154.01 297.08 18.27 87.48
2076 141.29 243.33 18.13 85.57
2077 169.43 230.38 18.81 89.39
2078 178.7 246.32 18.46 86.89
2079 199.08 217.32 17.88 83.25
2080 151.59 228.52 18.22 86.64
2081 191.26 201.4 18.07 85.76
2082 154.39 286.86 18.33 86.24
2083 163.24 281.68 18.08 85.94
2084 182.85 195.05 18.28 86.14
2085 157.98 255.33 19.05 90.47
2086 160.21 234.69 19.69 92.63
2087 163.7 292.66 18.28 86.23
2088 172.17 209.52 18.04 85.77
2089 175.22 267.55 18.3 88.15
2090 186.91 241.05 19.39 90.5
2091 195.61 238.5 16.12 76.97
2092 176.05 256.97 18.57 88.48
2093 162.42 213.75 18.17 86.13
2094 156.74 264.13 17.95 76.07
2095 173.41 199.04 17.91 85.43
2096 180.61 216.13 18.79 89.08
2097 187.65 232.22 17.92 84.25
2098 171.01 219.98 18.64 88.27
2099 146.38 280.43 18.68 89.29
2100 79.09 142.82 19.2 90.42
2101 45.33 117.63 18.9 90.4
2102 70.51 136.18 20.15 96.15
2103 56.95 93.12 19.97 94.69
2104 61.78 141.44 18.43 88.15
2105 72.1 126.1 17.99 84.85
2106 44.55 40.05 19.42 92.48
2107 40.43 80.63 19.33 91.8
2108 19.17 21.25 18.53 87.72
2109 39.35 91.18 18.8 89.39
2110 59.53 72.14 18.3 86.89
2111 69.0 157.49 18.78 88.76
2112 77.95 152.81 19.18 87.75
2113 46.48 96.58 20.34 98.31
2114 54.97 113.82 18.55 88.39
2115 44.21 49.44 18.82 89.33
2116 36.07 33.35 18.33 87.53
2117 29.23 26.92 20.7 100.24
2118 46.8 107.78 18.16 86.64
2119 59.75 62.69 18.4 87.53
2120 53.61 124.02 18.36 87.63
2121 48.86 87.08 18.79 89.48
2122 53.21 45.74 18.43 86.98
2123 59.75 150.93 18.28 86.97
2124 64.74 109.51 18.53 87.6
2125 33.92 54.11 18.97 89.53
