py/desispec/data/qa/qa-reference-tsnr2.ecsv
# %ECSV 0.9
# ---
# datatype:
# - {name: FIBER, datatype: int64}
# - {name: FIBERASSIGN_X, datatype: float64}
# - {name: FIBERASSIGN_Y, datatype: float64}
# - {name: TSNR2_LRG_BRIGHT, datatype: float64}
# - {name: TSNR2_LRG_DARK, datatype: float64}
# meta: {NIGHTMAX: 20210709, NIGHTMIN: 20210514}
# schema: astropy-2.0
FIBER FIBERASSIGN_X FIBERASSIGN_Y TSNR2_LRG_BRIGHT TSNR2_LRG_DARK
[from data line 2659]
2659 -3.04 387.32 17.4 78.65
2660 76.94 311.65 18.93 84.31
2661 -7.09 405.51 16.66 75.94
2662 -20.28 392.75 15.24 68.89
2663 69.62 318.95 16.9 75.51
2664 nan nan nan nan
2665 nan nan nan nan
2666 66.21 337.16 18.69 84.66
2667 -37.49 398.58 17.83 81.87
2668 10.25 399.59 15.85 72.21
2669 86.85 313.5 18.89 83.5
2670 6.76 389.29 16.79 75.55
2671 -9.99 394.94 17.99 82.28
2672 30.93 375.82 18.54 83.59
2673 11.22 371.07 20.4 92.5
2674 17.31 391.82 18.22 83.02
2675 3.71 407.18 13.78 62.55
2676 55.89 334.45 19.02 85.34
2677 -0.43 395.75 18.77 73.96
2678 27.54 393.67 17.65 79.6
2679 37.84 396.03 16.5 74.85
2680 63.56 299.08 19.05 85.66
2681 56.31 307.43 19.12 86.25
2682 101.61 325.08 18.37 81.16
2683 98.01 314.93 18.08 79.81
2684 27.92 366.09 14.92 67.01
2685 93.06 306.3 15.99 71.95
2686 80.54 293.67 19.25 86.39
2687 30.44 404.13 17.37 77.96
2688 14.2 381.55 16.57 75.04
2689 4.13 379.1 18.02 80.89
2690 90.37 296.36 19.42 86.58
2691 34.3 385.75 17.94 81.04
2692 86.92 286.57 18.26 81.13
2693 73.53 301.3 16.95 75.43
2694 62.45 326.89 19.04 86.57
2695 80.02 321.48 18.78 84.06
2696 49.23 314.74 19.65 88.39
2697 -13.68 384.85 18.79 84.78
2698 66.34 308.96 17.4 77.95
2699 59.12 344.39 19.09 86.88
2700 -11.02 246.62 14.54 64.8
2701 -14.58 264.45 18.98 86.18
2702 -39.15 277.35 18.21 81.06
2703 -3.84 239.15 19.62 88.31
2704 -14.49 236.57 19.85 89.76
2705 -59.45 273.33 19.22 85.6
2706 -31.66 269.4 18.94 85.8
2707 -41.65 240.11 19.83 88.68
2708 -65.96 281.32 18.88 85.42
2709 -22.0 272.05 19.64 88.47
2710 16.43 242.89 19.19 86.37
2711 -35.25 259.83 19.04 85.09
2712 -24.75 262.02 19.23 86.24
2713 12.99 261.0 19.36 87.93
2714 -41.84 267.73 19.67 88.41
2715 2.79 231.56 19.69 89.2
2716 9.41 250.75 19.58 89.31
2717 -79.95 268.92 18.59 84.18
2718 -0.49 248.69 19.3 86.74
2719 16.64 215.82 20.24 91.11
2720 -83.22 286.62 18.57 84.57
2721 -17.49 226.94 19.86 89.09
2722 -52.26 265.26 20.11 91.56
2723 -73.27 288.52 18.5 83.6
2724 -31.39 242.37 20.75 91.72
2725 -69.36 271.22 17.47 78.74
2726 -72.87 260.95 19.53 88.89
2727 12.28 234.6 18.7 83.15
2728 -56.22 283.07 18.36 82.31
2729 19.68 252.75 18.44 83.57
2730 2.47 259.11 17.71 80.74
2731 -62.68 263.44 19.36 88.19
2732 -34.54 232.56 19.16 85.84
2733 5.93 241.02 19.79 87.02
2734 -38.12 249.98 18.72 83.14
2735 -24.61 234.57 18.94 84.77
2736 -76.44 278.64 18.52 84.05
2737 -65.69 253.65 17.23 77.86
2738 -28.19 252.17 18.68 83.18
2739 -0.36 221.35 19.41 87.9
2740 -45.21 257.74 18.7 83.66
2741 -4.64 266.55 17.78 79.27
2742 -55.49 255.75 18.98 86.76
2743 -17.77 254.25 19.74 88.04
2744 -48.91 275.47 19.68 88.82
2745 -7.63 256.52 19.14 85.71
2746 -48.34 248.25 19.21 86.76
2747 -21.29 244.31 19.45 87.18
2748 8.77 222.46 17.19 81.21
2749 -7.09 229.14 17.9 79.16
2750 34.96 358.13 17.81 80.24
2751 -19.37 337.04 18.76 84.24
2752 -9.31 339.5 13.59 61.33
2753 14.38 353.81 19.32 86.91
2754 -12.46 329.55 19.72 90.01
2755 -13.11 357.21 19.38 87.55
2756 38.23 340.15 20.38 92.47
2757 -10.87 368.33 19.46 89.48
2758 8.07 333.65 20.52 93.41
2759 -2.43 359.15 20.18 92.17
2760 -15.87 374.82 nan 94.03
2761 7.79 360.78 20.61 92.46
2762 41.6 350.37 18.38 82.52
2763 31.48 347.81 20.89 94.42
2764 18.29 335.88 20.45 92.51
2765 -29.47 335.22 19.11 86.56
2766 -18.77 366.53 21.6 92.9
2767 -26.87 372.62 20.29 93.18
2768 32.59 320.77 20.26 91.82
2769 1.01 369.57 23.05 112.59
2770 4.4 351.85 18.19 80.79
2771 49.09 342.76 19.26 87.29
2772 42.46 322.38 20.11 91.42
2773 24.5 355.57 14.63 64.92
2774 38.99 312.09 19.91 90.08
2775 5.02 323.43 19.8 89.33
2776 -5.5 321.67 20.21 91.29
2777 -23.38 382.95 18.05 82.17
2778 -36.38 342.84 18.77 85.05
2779 -5.99 377.19 19.42 87.48
2780 -30.77 390.55 18.33 83.31
2781 -5.58 349.07 19.27 87.5
2782 17.45 363.57 18.76 85.29
2783 21.77 318.09 20.4 92.61
2784 -29.95 362.81 19.79 90.41
2785 11.49 343.75 18.9 86.14
2786 -22.07 328.67 19.93 89.62
2787 45.75 332.62 20.63 93.76
2788 14.72 325.63 20.02 91.08
2789 35.5 330.51 19.82 88.26
2790 0.83 341.55 19.93 90.64
2791 25.29 328.14 20.65 93.26
2792 -26.49 344.99 18.69 83.9
2793 20.36 344.6 19.67 87.1
2794 28.29 337.84 18.44 83.2
2795 27.2 310.31 18.82 88.19
2796 -23.91 354.1 13.49 58.76
2797 -1.74 331.51 19.97 91.93
2798 -16.47 347.46 19.62 88.53
2799 -33.24 352.81 19.93 91.01
2800 -29.73 159.69 19.5 87.92
2801 -18.74 106.76 20.79 93.19
2802 15.86 68.48 22.12 100.08
2803 2.55 83.7 20.19 92.55
2804 -46.87 165.45 19.79 89.6
2805 -4.21 64.01 21.76 98.45
2806 -21.85 96.92 19.05 86.49
2807 -7.95 109.0 17.7 79.95
2808 -12.24 126.42 20.93 95.35
2809 -44.03 175.14 20.84 95.16
2810 -13.95 153.32 21.61 96.08
2811 -40.54 157.13 20.39 93.21
2812 -15.85 144.35 19.62 89.44
2813 9.87 75.81 18.95 85.83
2814 -19.69 162.25 20.25 92.77
2815 -11.35 71.27 21.88 100.35
2816 -37.04 167.41 20.76 94.93
2817 9.45 48.55 22.69 102.47
2818 3.03 55.95 22.38 101.45
2819 3.02 28.74 19.36 86.91
2820 -8.84 136.33 21.3 97.99
2821 -5.54 146.95 21.94 100.02
2822 19.37 78.46 19.86 90.33
2823 -4.85 91.11 21.15 96.42
2824 12.83 58.23 22.56 101.88
2825 -33.54 149.86 17.2 76.99
2826 -29.4 131.71 20.13 90.57
2827 6.19 66.13 22.1 100.02
2828 -32.36 124.2 21.79 99.71
2829 -26.07 169.46 19.01 85.49
2830 12.53 85.81 21.95 99.97
2831 -0.21 46.15 21.88 99.51
2832 -11.34 99.25 21.97 100.29
2833 -22.54 152.17 21.25 97.64
2834 -23.24 123.14 23.18 104.97
2835 -18.65 79.21 18.94 85.75
2836 -2.62 156.5 21.55 95.61
2837 6.47 38.82 21.98 99.59
2838 5.58 93.5 20.77 94.6
2839 -7.23 53.76 20.93 95.05
2840 -25.92 114.43 21.06 96.05
2841 -26.0 142.18 21.99 100.87
2842 nan nan nan nan
2843 -14.74 88.85 19.34 88.07
2844 -7.71 81.16 19.47 87.72
2845 -1.19 75.45 24.75 108.67
2846 -3.75 36.1 22.29 100.74
2847 22.78 88.31 16.12 71.7
2848 -19.29 134.29 20.25 92.46
2849 -15.66 116.54 20.9 95.03
2850 -46.47 313.14 20.04 91.75
2851 26.18 273.19 20.55 93.53
2852 -22.19 299.45 21.01 95.91
2853 22.97 263.08 20.47 93.68
2854 29.5 282.66 20.51 92.77
2855 -32.64 325.05 20.0 91.36
2856 -7.93 284.07 20.55 94.97
2857 22.29 290.38 19.11 86.23
2858 -25.69 317.3 19.61 89.71
2859 -1.33 303.81 20.94 96.12
2860 -12.27 301.77 20.64 93.72
2861 -32.49 297.16 20.47 94.18
2862 -1.45 276.53 20.26 91.99
2863 1.64 313.55 20.5 93.41
2864 32.41 292.71 21.27 95.62
2865 35.65 302.23 20.13 90.87
2866 -25.4 289.7 20.42 93.52
2867 -35.57 287.57 20.14 92.81
2868 -4.97 293.8 20.69 95.1
2869 -39.1 332.64 20.98 96.15
2870 19.47 280.61 19.89 89.72
2871 32.85 264.81 20.42 88.76
2872 25.41 300.46 20.16 91.66
2873 15.4 298.11 20.65 93.54
2874 -50.18 330.46 19.92 91.67
2875 -53.2 293.28 20.65 95.2
2876 -13.07 273.96 20.77 92.81
2877 5.37 268.06 21.21 97.45
2878 -15.36 291.71 17.16 77.1
2879 -28.72 279.96 19.34 87.16
2880 -43.05 322.79 18.34 83.49
2881 -15.83 319.51 20.23 92.23
2882 36.21 275.32 20.27 92.08
2883 -38.95 305.42 19.98 91.58
2884 -49.37 303.09 20.05 91.2
2885 8.79 278.26 20.74 95.79
2886 12.27 288.77 15.03 67.0
2887 -18.95 309.35 20.46 93.13
2888 -46.85 284.25 19.74 88.61
2889 -53.18 320.96 19.85 90.98
2890 -29.09 307.27 20.75 94.33
2891 5.36 296.23 20.3 92.21
2892 -36.18 314.99 19.36 88.42
2893 8.65 306.15 20.87 95.39
2894 1.93 286.24 20.11 91.14
2895 -18.64 281.82 19.58 90.09
2896 -8.6 311.53 19.18 86.77
2897 -42.53 295.01 20.59 95.35
2898 15.26 269.14 18.79 88.67
2899 18.91 308.86 20.81 95.56
2900 75.01 395.03 17.95 80.87
2901 112.85 366.26 18.26 82.4
2902 85.42 396.86 18.03 81.62
2903 103.38 363.53 19.82 88.95
2904 86.22 341.27 16.52 74.85
2905 115.94 376.29 18.42 82.94
2906 99.08 381.35 18.71 84.41
2907 102.79 335.89 18.14 81.95
2908 71.79 384.75 18.44 83.13
2909 96.42 343.55 18.21 81.88
2910 51.61 380.08 19.35 88.15
2911 119.13 386.88 17.88 81.17
2912 92.27 388.95 18.19 81.94
2913 45.14 360.51 19.23 86.13
2914 89.22 351.57 19.23 86.68
2915 62.14 354.48 19.57 87.67
2916 52.13 352.15 19.71 88.53
2917 69.02 346.79 20.11 89.88
2918 71.04 356.08 19.36 80.8
2919 76.09 338.6 20.04 90.31
2920 82.74 359.3 19.29 79.65
2921 55.01 390.25 19.34 87.61
2922 48.23 370.48 19.18 86.94
2923 95.96 371.12 19.68 88.61
2924 86.06 369.12 17.34 76.92
2925 41.37 378.2 19.03 86.7
2926 68.44 374.54 18.78 84.11
2927 102.99 391.28 18.22 82.35
2928 62.16 382.5 18.62 83.72
2929 48.2 398.12 18.57 83.68
2930 79.07 376.93 18.44 82.9
2931 108.75 356.57 18.71 84.7
2932 80.94 386.71 18.91 80.91
2933 83.07 331.3 18.86 84.85
2934 44.46 388.34 19.02 86.24
2935 99.68 353.53 18.24 82.44
2936 106.39 346.27 19.34 87.23
2937 94.05 332.23 20.28 90.42
2938 92.82 361.04 18.67 83.37
2939 58.39 372.39 19.22 85.51
2940 79.42 349.45 17.75 77.47
2941 109.48 383.68 18.55 84.25
2942 65.56 364.73 19.36 86.71
2943 58.19 400.8 17.61 79.31
2944 38.42 368.09 19.37 87.19
2945 88.95 379.04 18.56 82.64
2946 55.37 362.11 18.37 82.74
2947 75.58 366.86 19.48 87.73
2948 106.09 373.73 19.17 87.33
2949 65.04 392.79 18.39 82.98
2950 44.05 240.11 17.73 79.94
2951 47.78 222.13 18.63 84.61
2952 26.88 245.38 19.24 86.47
2953 40.55 229.65 19.61 88.77
2954 -77.49 334.59 19.21 88.58
2955 67.3 226.83 18.98 85.67
2956 23.45 235.14 19.84 89.98
2957 70.44 236.73 19.89 90.09
2958 64.55 217.22 19.99 89.69
2959 -59.08 301.56 19.44 87.31
2960 -84.43 342.11 19.08 87.16
2961 -83.66 314.12 19.87 90.68
2962 -97.99 329.74 19.37 85.25
2963 -56.37 338.39 18.54 81.23
2964 -70.06 298.54 18.53 84.7
2965 -66.1 308.69 19.32 87.59
2966 27.15 217.98 19.94 89.32
2967 37.55 220.18 18.02 80.97
2968 60.61 207.65 20.09 91.92
2969 nan nan nan nan
2970 19.53 224.03 17.95 85.17
2971 51.39 205.35 19.38 86.11
2972 -76.96 306.69 21.35 92.04
2973 -94.81 339.52 18.62 84.28
2974 -60.39 328.41 19.39 88.29
2975 -55.84 312.25 18.43 81.78
2976 -73.83 344.34 18.61 84.06
2977 -80.7 324.33 18.85 85.53
2978 -66.87 336.57 19.1 86.61
2979 -90.84 349.58 18.83 85.65
2980 55.01 214.54 19.06 85.71
2981 57.45 224.34 19.29 86.48
2982 30.28 227.38 19.07 85.72
2983 44.43 212.24 19.72 88.55
2984 34.07 210.17 18.31 81.43
2985 54.58 242.05 19.58 88.71
2986 33.69 237.61 19.87 88.86
2987 -94.02 312.2 18.04 81.53
2988 36.94 247.48 17.75 80.44
2989 49.86 230.71 17.93 78.26
2990 -90.91 321.93 17.12 77.57
2991 -63.25 318.41 18.37 82.98
2992 47.47 249.38 19.79 88.7
2993 -73.46 316.62 17.99 82.33
2994 29.85 255.51 19.22 86.09
2995 -70.39 326.58 19.31 87.08
2996 -80.17 296.44 18.79 85.47
2997 -87.48 331.72 18.66 84.85
2998 58.04 197.46 18.52 82.96
2999 -87.3 304.09 17.96 81.49
3000 -271.58 292.95 18.53 84.49
3001 -247.75 278.07 18.71 85.8
3002 nan nan nan nan
3003 -111.11 267.09 19.08 87.23
3004 -258.25 280.35 19.38 89.08
3005 -114.67 277.09 20.21 92.73
3006 -285.87 277.44 18.38 84.05
3007 -125.27 251.42 20.81 94.74
3008 -251.22 288.01 19.22 88.7
3009 -118.32 259.36 19.2 88.03
3010 -135.75 254.11 20.96 95.67
3011 -248.32 250.91 19.71 90.21
3012 -94.8 245.52 19.96 91.22
3013 -94.64 272.34 19.36 88.04
3014 -275.31 275.14 18.72 86.56
3015 -131.82 271.46 19.88 90.62
3016 -268.61 254.86 19.54 90.66
3017 -238.27 248.21 19.71 90.62
3018 -104.91 247.07 21.01 95.84
3019 -271.84 264.76 18.22 83.65
3020 -128.26 261.7 18.97 87.11
3021 -254.81 270.44 19.5 89.19
3022 -101.64 237.87 21.08 96.34
3023 -97.99 255.39 20.74 95.13
3024 -91.58 262.27 20.38 94.42
3025 -85.41 243.16 19.79 89.68
3026 -91.21 235.76 19.86 91.56
3027 -258.32 252.65 18.06 58.32
3028 -261.97 263.13 19.14 87.74
3029 -101.37 264.96 20.02 91.63
3030 -265.39 245.26 20.31 93.83
3031 -119.04 232.04 20.83 96.21
3032 -272.66 237.24 19.67 89.7
3033 -278.53 284.89 18.48 84.69
3034 -292.18 269.69 18.25 84.56
3035 -104.58 275.06 20.12 92.23
3036 -121.62 269.29 21.06 95.92
3037 -261.0 290.5 17.95 82.16
3038 -255.6 242.68 19.48 88.73
3039 -264.95 272.73 19.58 90.69
3040 -88.36 252.8 20.64 94.19
3041 -111.89 239.48 20.34 93.87
3042 -138.59 264.03 20.35 93.9
3043 -107.85 257.13 18.86 86.72
3044 -244.23 268.29 19.69 89.86
3045 -115.11 249.66 20.59 94.62
3046 -282.26 266.99 18.89 87.05
3047 -251.46 260.12 19.48 89.33
3048 -241.09 258.12 19.77 90.43
3049 -122.73 241.84 20.79 94.41
3050 -166.55 359.05 17.89 79.62
3051 -184.29 335.43 18.39 83.7
3052 -134.04 316.95 18.63 83.95
3053 -134.87 326.17 18.54 83.35
3054 -132.39 386.46 15.76 74.56
3055 -142.88 333.18 18.9 84.17
3056 -187.72 329.15 18.7 83.51
3057 -127.12 349.72 18.85 85.65
3058 -143.61 372.45 17.01 77.78
3059 -176.36 324.22 19.46 86.21
3060 -125.25 355.25 17.44 78.5
3061 -149.12 359.07 16.75 75.04
3062 -143.42 322.81 20.1 90.74
3063 -133.26 362.05 17.77 78.22
3064 -160.4 333.44 17.92 81.36
3065 -170.88 336.01 18.22 78.54
3066 -131.95 354.98 18.21 80.55
3067 -150.97 339.86 19.12 85.0
3068 -140.72 343.79 18.64 82.31
3069 -158.68 351.2 19.06 81.98
3070 -153.3 331.81 18.71 83.18
3071 -127.3 371.67 18.61 79.39
3072 -140.18 347.86 18.85 80.81
3073 -137.1 338.95 18.32 80.83
3074 -164.31 367.6 17.21 77.3
3075 -129.25 316.25 18.63 83.34
3076 -176.84 356.23 16.56 73.17
3077 -116.68 332.89 16.34 72.51
3078 nan nan nan nan
3079 -171.81 345.94 19.67 83.84
3080 -164.99 346.29 18.26 81.83
3081 -134.04 374.01 17.07 74.68
3082 -120.53 330.44 18.2 82.47
3083 -196.86 337.65 17.97 79.36
3084 -173.53 316.96 18.27 83.5
3085 -123.13 360.49 18.39 81.4
3086 -136.01 356.7 18.23 82.82
3087 -186.56 354.0 17.1 75.7
3088 -160.5 315.91 18.57 83.9
3089 -159.51 367.66 16.9 72.5
3090 -145.63 374.38 16.37 72.29
3091 -158.68 323.08 18.54 82.14
3092 -172.72 366.62 17.18 73.94
3093 -167.44 323.18 18.79 85.95
3094 nan nan nan nan
3095 -126.06 323.42 19.5 86.01
3096 -188.87 344.04 17.76 78.93
3097 -145.48 351.28 17.72 79.65
3098 -185.65 318.56 18.34 81.66
3099 -162.2 361.64 17.62 79.04
3100 -225.81 180.68 20.1 91.87
3101 -167.5 177.45 18.79 84.87
3102 -140.52 180.91 19.9 90.48
3103 -150.73 183.51 18.88 85.33
3104 -113.17 183.99 20.39 93.52
3105 -194.51 201.81 18.84 85.1
3106 -163.71 194.84 18.62 84.29
3107 -202.65 166.46 19.91 90.18
3108 -150.08 210.85 19.59 89.16
3109 -136.5 198.56 20.22 91.77
3110 -195.22 174.15 19.86 89.88
3111 -123.34 186.83 20.05 91.1
3112 -211.57 196.41 20.25 91.28
3113 -208.68 186.4 19.51 88.91
3114 -164.64 167.66 19.84 89.82
3115 -140.07 208.65 19.04 85.64
3116 -212.32 168.67 19.16 88.15
3117 -153.82 193.33 19.41 88.3
3118 -174.59 169.51 20.27 91.01
3119 -235.96 182.48 20.16 91.84
3120 -174.11 197.29 19.25 86.37
3121 -215.77 178.27 19.84 90.79
3122 -185.03 172.14 20.18 91.21
3123 -188.26 182.2 19.42 87.57
3124 -157.28 203.28 15.45 69.65
3125 -143.9 191.33 16.4 74.9
3126 -198.32 183.92 19.19 87.36
3127 -132.8 216.53 19.76 90.31
3128 -147.65 173.24 19.98 90.89
3129 -177.62 207.18 19.9 91.21
3130 -184.47 199.95 20.03 90.4
3131 -160.99 185.3 19.07 86.66
3132 -157.65 175.69 20.08 91.05
3133 -191.39 191.56 20.25 91.93
3134 -133.62 188.45 19.74 89.52
3135 -129.59 206.24 19.71 89.46
3136 -205.42 176.35 18.72 85.08
3137 -161.63 212.15 19.09 87.32
3138 -171.14 187.9 18.7 84.08
3139 -228.73 190.63 19.34 87.81
3140 -201.31 193.99 19.14 85.85
3141 -130.23 178.45 20.32 92.71
3142 -178.08 179.57 19.91 90.35
3143 -146.6 200.91 18.67 84.72
3144 -165.7 205.54 18.98 87.21
3145 -181.24 189.38 19.62 89.54
3146 -218.75 188.73 19.94 91.08
3147 -143.1 218.52 19.3 88.44
3148 -222.83 169.31 19.31 88.23
3149 -126.53 196.35 19.84 90.29
3150 -244.08 296.06 18.4 84.73
3151 -203.33 259.26 19.92 91.23
3152 -223.91 263.45 19.09 88.2
3153 -182.58 282.76 19.52 89.25
3154 -220.7 253.83 19.31 89.09
3155 -211.16 252.03 19.61 90.0
3156 -169.44 269.83 19.12 87.27
3157 -152.23 276.17 18.95 86.68
3158 -193.34 257.35 20.09 93.04
3159 -196.45 294.76 19.69 91.3
3160 -171.99 308.23 19.31 88.93
3161 -187.84 265.47 20.94 95.48
3162 -213.47 288.9 18.91 87.32
3163 -237.41 275.95 19.76 90.9
3164 -254.61 298.18 18.38 85.25
3165 -189.13 302.34 19.97 92.14
3166 -217.2 271.06 19.33 88.98
3167 -185.82 292.5 18.97 87.68
3168 -168.55 297.8 19.34 88.46
3169 -223.68 291.13 19.56 89.88
3170 -165.36 288.18 20.28 94.09
3171 -220.78 281.45 19.55 88.98
3172 -213.62 261.26 19.36 89.24
3173 -179.08 300.14 18.43 85.08
3174 -199.27 304.42 19.22 88.22
3175 -159.19 268.24 14.15 64.03
3176 -234.12 265.8 18.89 86.84
3177 -204.01 285.64 19.69 88.87
3178 -190.08 274.85 19.37 88.56
3179 -156.88 285.89 20.55 90.87
3180 -227.45 273.68 19.11 88.23
3181 -192.98 284.36 19.57 90.03
3182 -175.35 290.44 18.99 87.96
3183 -172.12 280.23 19.51 89.73
