py/desispec/data/qa/qa-reference-tsnr2.ecsv
# %ECSV 1.0
# ---
# datatype:
# - {name: FIBER, datatype: int64}
# - {name: FIBERASSIGN_X, datatype: float64}
# - {name: FIBERASSIGN_Y, datatype: float64}
# - {name: TSNR2_LRG, datatype: float64}
# schema: astropy-2.0
FIBER FIBERASSIGN_X FIBERASSIGN_Y TSNR2_LRG
[from data line 3458]
3458 -131.36000061035156 299.17999267578125 84.12
3459 -152.8300018310547 315.5400085449219 80.21
3460 -264.4800109863281 300.8699951171875 76.76
3461 -98.33999633789062 282.4200134277344 78.16
3462 -107.66999816894531 284.9800109863281 83.54
3463 -110.94999694824219 295.32000732421875 83.44
3464 -247.66000366210938 306.20001220703125 73.54
3465 -114.6500015258789 304.4700012207031 78.45
3466 -220.0399932861328 337.57000732421875 70.05
3467 -230.05999755859375 310.8399963378906 78.21
3468 -258.0299987792969 308.2699890136719 77.99
3469 -240.08999633789062 314.489990234375 78.68
3470 -203.02999877929688 342.989990234375 76.66
3471 -192.75999450683594 312.4800109863281 76.38
3472 -213.52000427246094 316.6600036621094 80.9
3473 -144.5800018310547 311.07000732421875 76.91
3474 -195.67999267578125 322.1300048828125 75.45
3475 -200.66000366210938 331.07000732421875 78.24
3476 -213.11000061035156 344.6300048828125 71.12
3477 -101.44999694824219 292.5199890136719 80.08
3478 -236.60000610351562 333.6700134277344 69.73
3479 -124.4000015258789 307.4100036621094 79.22
3480 -236.92999267578125 303.57000732421875 74.37
3481 -141.27999877929688 301.55999755859375 78.16
3482 -104.61000061035156 302.4100036621094 71.79
3483 -145.3800048828125 283.8399963378906 75.41
3484 -121.04000091552734 296.94000244140625 79.5
3485 -148.14999389648438 293.2200012207031 79.8
3486 nan nan nan
3487 nan nan nan
3488 -250.57000732421875 316.760009765625 68.52
3489 -117.75 286.9800109863281 80.56
3490 -129.27999877929688 288.239990234375 81.61
3491 -209.49000549316406 335.32000732421875 77.59
3492 -117.11000061035156 314.8800048828125 78.17
3493 -110.87999725341797 321.9599914550781 72.87
3494 -209.77999877929688 306.42999267578125 75.27
3495 -124.55999755859375 279.6400146484375 77.75
3496 -219.67999267578125 309.3699951171875 73.8
3497 -107.73999786376953 312.4700012207031 79.03
3498 -223.19000244140625 317.75 79.61
3499 -216.86000061035156 327.1600036621094 76.16
3500 -189.8300018310547 9.699999809265137 91.31
3501 -196.1300048828125 35.38999938964844 87.66
3502 -242.22000122070312 24.540000915527344 84.77
3503 nan nan nan
3504 -189.19000244140625 18.690000534057617 85.03
3505 nan nan nan
3506 -96.11000061035156 29.719999313354492 88.14
3507 -110.44000244140625 72.88999938964844 87.63
3508 -119.54000091552734 68.91999816894531 89.05
3509 -217.2100067138672 6.449999809265137 81.5
3510 -213.38999938964844 36.68000030517578 85.99
3511 -102.4800033569336 67.16999816894531 89.31
3512 -112.5199966430664 52.220001220703125 89.51
3513 -197.33999633789062 24.670000076293945 86.48
3514 -204.97000122070312 30.950000762939453 86.64
3515 -129.86000061035156 53.130001068115234 91.94
3516 -122.18000030517578 38.72999954223633 96.24
3517 -138.77999877929688 60.380001068115234 85.84
3518 -207.1699981689453 10.760000228881836 86.8
3519 -236.3000030517578 6.480000019073486 76.31
3520 nan nan nan
3521 -220.69000244140625 42.279998779296875 91.73
3522 -116.95999908447266 79.25 100.28
3523 -198.3800048828125 14.369999885559082 91.32
3524 -243.52999877929688 14.170000076293945 89.02
3525 -224.35000610351562 22.399999618530273 92.24
3526 -111.26000213623047 62.970001220703125 92.69
3527 -86.55000305175781 45.209999084472656 95.91
3528 -121.9000015258789 48.459999084472656 93.78
3529 -253.02999877929688 9.470000267028809 92.46
3530 -217.17999267578125 15.369999885559082 96.6
3531 -187.72999572753906 29.06999969482422 91.03
3532 -84.91999816894531 54.02000045776367 80.81
3533 -179.22999572753906 22.260000228881836 103.94
3534 -223.67999267578125 32.75 89.88
3535 -251.4600067138672 19.770000457763672 93.29
3536 -225.32000732421875 12.5600004196167 91.39
3537 -129.30999755859375 64.83000183105469 90.46
3538 -206.24000549316406 20.56999969482422 92.04
3539 -103.80999755859375 46.56999969482422 92.15
3540 -103.37000274658203 56.84000015258789 91.83
3541 -214.9199981689453 26.40999984741211 90.87
3542 -113.55999755859375 42.869998931884766 91.31
3543 -140.2899932861328 50.4900016784668 90.63
3544 -120.11000061035156 59.040000915527344 92.99
3545 -130.97000122070312 44.34000015258789 92.16
3546 -94.7300033569336 60.27000045776367 107.78
3547 -94.73999786376953 41.08000183105469 94.05
3548 -113.04000091552734 31.209999084472656 98.48
3549 -233.16000366210938 28.5 87.97
3550 -332.7200012207031 23.969999313354492 82.94
3551 -342.4599914550781 30.90999984741211 82.84
3552 -223.13999938964844 121.70999908447266 85.29
3553 nan nan nan
3554 -213.0500030517578 126.20999908447266 85.06
3555 -350.2200012207031 36.25 85.38
3556 -195.50999450683594 124.38999938964844 81.46
3557 -214.07000732421875 115.9000015258789 87.85
3558 -203.0800018310547 140.77000427246094 83.39
3559 -314.29998779296875 31.770000457763672 84.61
3560 -322.0799865722656 36.779998779296875 86.73
3561 -216.10000610351562 94.83000183105469 88.33
3562 -304.6099853515625 36.25 84.19
3563 -206.9199981689453 99.26000213623047 85.96
3564 -343.55999755859375 19.280000686645508 83.41
3565 -169.38999938964844 115.66999816894531 85.8
3566 -215.02000427246094 106.12999725341797 83.07
3567 -224.3000030517578 112.01000213623047 82.75
3568 -315.510009765625 11.520000457763672 83.99
3569 -323.739990234375 17.739999771118164 80.81
3570 -340.5899963378906 40.130001068115234 83.63
3571 -198.83999633789062 92.80999755859375 83.2
3572 -187.0800018310547 118.26000213623047 83.15
3573 -205.77000427246094 109.86000061035156 87.91
3574 -323.3500061035156 28.06999969482422 83.18
3575 -361.010009765625 20.889999389648438 80.94
3576 -198.08999633789062 103.30000305175781 93.77
3577 -331.7799987792969 34.2599983215332 85.23
3578 -344.6300048828125 8.859999656677246 92.26
3579 -186.52999877929688 127.80999755859375 94.58
3580 -351.9800109863281 14.970000267028809 89.65
3581 -178.0399932861328 122.2699966430664 94.12
3582 -325.5 9.289999961853027 88.68
3583 -351.3299865722656 25.420000076293945 89.75
3584 -177.97000122070312 112.05000305175781 94.21
3585 -188.9199981689453 97.06999969482422 95.25
3586 -305.3599853515625 26.079999923706055 92.77
3587 nan nan nan
3588 -208.2100067138672 88.77999877929688 91.49
3589 -195.02999877929688 134.2100067138672 94.45
3590 -306.7099914550781 15.4399995803833 92.23
3591 -295.82000732421875 30.399999618530273 90.82
3592 -330.3999938964844 44.18000030517578 92.4
3593 -188.3800048828125 106.47000122070312 81.7
3594 -196.77000427246094 113.9800033569336 94.03
3595 -233.67999267578125 107.4800033569336 89.47
3596 -339.0799865722656 50.970001220703125 83.51
3597 -312.8299865722656 42.310001373291016 89.52
3598 -332.9599914550781 12.40999984741211 89.46
3599 -314.989990234375 22.030000686645508 90.86
3600 -301.4700012207031 156.41000366210938 75.99
3601 -255.77999877929688 168.07000732421875 91.7
3602 -386.1199951171875 129.47999572753906 83.39
3603 -365.489990234375 137.19000244140625 86.34
3604 -272.2099914550781 169.0800018310547 87.22
3605 -376.04998779296875 143.5 89.1
3606 -263.4599914550781 173.7100067138672 95.29
3607 -339.4599914550781 139.5800018310547 91.13
3608 -347.7099914550781 145.6699981689453 86.95
3609 -356.3900146484375 152.25999450683594 88.64
3610 -290.32000732421875 170.75999450683594 81.22
3611 -364.5 157.80999755859375 87.13
3612 -379.1600036621094 101.45999908447266 87.48
3613 -358.7799987792969 131.9199981689453 87.82
3614 -254.41000366210938 177.11000061035156 93.09
3615 -376.42999267578125 133.75 85.67
3616 -270.5199890136719 189.49000549316406 88.99
3617 -275.739990234375 138.0500030517578 75.42
3618 -390.1199951171875 87.41000366210938 83.83
3619 -291.55999755859375 161.17999267578125 92.16
3620 -280.9700012207031 174.97000122070312 93.37
3621 -245.3300018310547 171.1699981689453 91.22
3622 -376.8900146484375 122.62999725341797 84.14
3623 -282.5799865722656 154.66000366210938 93.63
3624 -374.6400146484375 153.99000549316406 85.3
3625 -264.9800109863281 152.42999267578125 90.53
3626 -279.55999755859375 195.75 86.97
3627 -349.5 125.13999938964844 88.07
3628 -359.2200012207031 120.69999694824219 89.08
3629 -371.69000244140625 105.87000274658203 85.97
3630 -273.6499938964844 158.80999755859375 94.41
3631 -282.1300048828125 164.58999633789062 89.78
3632 -386.7200012207031 119.16000366210938 83.73
3633 -270.82000732421875 178.72999572753906 87.72
3634 nan nan nan
3635 -309.45001220703125 162.66000366210938 91.64
3636 -274.5799865722656 148.8699951171875 91.56
3637 -365.8500061035156 148.0500030517578 84.83
3638 -357.4599914550781 142.02999877929688 90.09
3639 -387.8500061035156 98.0 75.32
3640 -293.5899963378906 149.4499969482422 84.57
3641 -279.29998779296875 185.64999389648438 93.58
3642 -284.1199951171875 143.3300018310547 93.37
3643 -367.5400085449219 116.6500015258789 81.82
3644 -262.5199890136719 183.16000366210938 95.87
3645 -348.5199890136719 135.27999877929688 89.67
3646 -378.2200012207031 112.63999938964844 87.65
3647 -264.1499938964844 162.6199951171875 89.05
3648 -299.9200134277344 166.9199981689453 89.36
3649 -367.54998779296875 127.4000015258789 79.61
3650 -289.1600036621094 91.94999694824219 88.89
3651 -264.5 83.87000274658203 90.22
3652 -328.5199890136719 65.41999816894531 88.48
3653 -309.82000732421875 73.29000091552734 86.7
3654 -250.42999267578125 120.02999877929688 93.91
3655 -321.1600036621094 48.599998474121094 90.8
3656 -243.02000427246094 102.9000015258789 90.67
3657 -251.25 108.97000122070312 95.3
3658 -267.45001220703125 120.88999938964844 90.49
3659 -320.19000244140625 58.709999084472656 91.15
3660 -290.5400085449219 82.01000213623047 76.01
3661 -303.2200012207031 46.56999969482422 91.61
3662 -300.95001220703125 67.01000213623047 93.22
3663 -242.02999877929688 113.26000213623047 95.56
3664 -275.239990234375 128.16000366210938 89.97
3665 -310.5899963378906 62.720001220703125 92.96
3666 -292.80999755859375 61.58000183105469 94.84
3667 -329.8699951171875 54.959999084472656 90.75
3668 nan nan nan
3669 -311.2200012207031 53.41999816894531 88.79
3670 -264.82000732421875 73.98999786376953 93.94
3671 -320.6400146484375 69.44000244140625 92.8
3672 -252.63999938964844 99.31999969482422 93.55
3673 -278.9700012207031 106.2699966430664 92.49
3674 -283.0899963378906 66.8499984741211 91.04
3675 -287.760009765625 102.72000122070312 84.55
3676 -279.7300109863281 96.70999908447266 89.53
3677 -298.0 98.97000122070312 89.23
3678 -287.7900085449219 112.45999908447266 91.63
3679 -262.3999938964844 105.43000030517578 92.53
3680 -259.6099853515625 115.70999908447266 86.41
3681 -301.3599853515625 78.68000030517578 90.82
3682 -298.57000732421875 88.86000061035156 92.25
3683 -302.4200134277344 56.72999954223633 91.98
3684 -284.1600036621094 55.029998779296875 92.81
3685 -291.2699890136719 69.7699966430664 93.49
3686 -274.67999267578125 59.220001220703125 91.02
3687 -281.1499938964844 86.5 74.74
3688 -269.4700012207031 110.97000122070312 94.35
3689 -271.5199890136719 90.87000274658203 87.17
3690 -273.2699890136719 69.47000122070312 96.35
3691 -295.3299865722656 40.459999084472656 90.62
3692 -277.010009765625 115.94000244140625 83.64
3693 -269.9100036621094 100.87000274658203 92.41
3694 -261.8999938964844 95.08999633789062 87.5
3695 -281.8299865722656 74.9800033569336 92.95
3696 -253.47000122070312 88.5 90.14
3697 -285.489990234375 44.61000061035156 94.3
3698 -293.55999755859375 50.779998779296875 91.41
3699 -272.5 80.12999725341797 94.35
3700 -209.5399932861328 57.58000183105469 90.48
3701 -186.22000122070312 39.06999969482422 98.17
3702 -165.30999755859375 68.68000030517578 96.81
3703 -145.57000732421875 77.37999725341797 94.38
3704 -145.38999938964844 66.62999725341797 105.24
3705 -144.8300018310547 97.66000366210938 95.12
3706 -185.07000732421875 49.59000015258789 99.76
3707 -127.97000122070312 75.66000366210938 99.32
3708 -193.89999389648438 45.25 97.82
3709 -136.72999572753906 81.31999969482422 99.63
3710 -176.6199951171875 43.72999954223633 96.95
3711 -212.5800018310547 47.900001525878906 96.51
3712 -202.3699951171875 72.0199966430664 101.42
3713 -180.67999267578125 90.16999816894531 61.7
3714 nan nan nan
3715 -201.52999877929688 62.2599983215332 94.52
3716 -173.52999877929688 75.55999755859375 101.58
3717 -154.4199981689453 83.25 97.75
3718 -152.24000549316406 104.13999938964844 95.24
3719 -165.5 57.689998626708984 98.08
3720 -181.49000549316406 80.63999938964844 90.5
3721 -184.52999877929688 60.09000015258789 93.52
3722 -177.75999450683594 33.47999954223633 93.75
3723 -202.80999755859375 51.189998626708984 94.37
3724 -157.83999633789062 52.459999084472656 95.74
3725 -169.75 94.4000015258789 89.82
3726 -183.05999755859375 70.58999633789062 95.26
3727 -204.5399932861328 41.060001373291016 110.43
3728 -158.50999450683594 41.720001220703125 97.73
3729 -191.44000244140625 76.27999877929688 89.68
3730 -174.5 64.30999755859375 100.65
3731 -161.02000427246094 99.86000061035156 90.75
3732 -155.13999938964844 93.41999816894531 87.99
3733 -135.5500030517578 91.38999938964844 98.57
3734 -180.7899932861328 100.81999969482422 94.77
3735 -160.9199981689453 109.47000122070312 95.34
3736 -192.50999450683594 66.22000122070312 92.02
3737 -137.6999969482422 71.52999877929688 98.01
3738 -164.94000244140625 77.5 98.74
3739 -193.1199951171875 55.72999954223633 94.44
3740 -156.22999572753906 74.4000015258789 85.63
3741 -176.3699951171875 52.58000183105469 108.14
3742 -156.16000366210938 62.880001068115234 61.12
3743 -162.13999938964844 89.44000244140625 100.23
3744 -144.72000122070312 87.58000183105469 98.16
3745 -166.97999572753906 48.189998626708984 100.42
3746 -167.25999450683594 38.77000045776367 102.88
3747 -127.56999969482422 85.4000015258789 95.99
3748 -170.0399932861328 106.47000122070312 90.48
3749 -190.6699981689453 87.05000305175781 92.74
3750 -332.9100036621094 213.10000610351562 86.68
3751 -321.9100036621094 216.8800048828125 82.89
3752 -296.1700134277344 207.88999938964844 89.85
3753 -344.4800109863281 177.22000122070312 85.03
3754 -339.1099853515625 219.44000244140625 79.73
3755 -313.3999938964844 210.22000122070312 87.13
3756 nan nan nan
3757 nan nan nan
3758 -355.30999755859375 162.55999755859375 82.74
3759 -352.57000732421875 193.74000549316406 83.84
3760 -331.45001220703125 201.39999389648438 89.87
3761 -331.239990234375 223.3699951171875 87.16
3762 -288.4800109863281 191.97999572753906 85.88
3763 -344.8399963378906 186.57000732421875 85.25
3764 -330.5299987792969 232.14999389648438 81.58
3765 -289.2699890136719 181.35000610351562 86.71
3766 -328.239990234375 154.3300018310547 82.26
3767 -335.0199890136719 181.5500030517578 87.62
3768 -319.0299987792969 157.77000427246094 87.66
3769 -314.6099853515625 200.0500030517578 93.73
3770 -316.05999755859375 189.9499969482422 86.1
3771 -337.55999755859375 160.7100067138672 81.28
3772 -340.69000244140625 207.61000061035156 84.73
3773 -346.1000061035156 168.22000122070312 82.25
3774 -305.1199951171875 204.02000427246094 82.12
3775 -312.6600036621094 220.1699981689453 84.65
3776 -296.1000061035156 187.13999938964844 77.57
3777 -327.1300048828125 163.0500030517578 88.78
3778 -308.2699890136719 193.58999633789062 90.26
3779 -307.1600036621094 183.52999877929688 90.18
3780 -288.2099914550781 201.8000030517578 88.59
3781 -340.0199890136719 149.50999450683594 87.68
3782 -316.8900146484375 167.99000549316406 90.04
3783 -336.3800048828125 171.36000061035156 84.59
3784 nan nan nan
3785 -321.8399963378906 226.74000549316406 84.98
3786 -296.1300048828125 198.10000610351562 82.97
3787 -346.510009765625 156.11000061035156 82.99
3788 nan nan nan
3789 -341.1600036621094 197.0399932861328 83.76
3790 -323.80999755859375 206.27000427246094 74.17
3791 -308.2099914550781 172.67999267578125 90.07
3792 -353.0199890136719 183.6300048828125 82.79
3793 -362.5 179.30999755859375 76.69
3794 -350.989990234375 203.72999572753906 83.83
3795 -304.5899963378906 213.86000061035156 87.46
3796 -298.489990234375 176.88999938964844 86.23
3797 -362.9200134277344 168.8300018310547 82.44
3798 -354.32000732421875 173.52000427246094 84.28
3799 -336.6499938964844 192.89999389648438 56.54
3800 -240.07000732421875 133.2100067138672 88.57
