py/desispec/data/qa/qa-reference-tsnr2.ecsv
# %ECSV 1.0
# ---
# datatype:
# - {name: FIBER, datatype: int64}
# - {name: FIBERASSIGN_X, datatype: float64}
# - {name: FIBERASSIGN_Y, datatype: float64}
# - {name: TSNR2_LRG, datatype: float64}
# schema: astropy-2.0
FIBER FIBERASSIGN_X FIBERASSIGN_Y TSNR2_LRG
[from data line 3121]
3121 -215.72999572753906 178.27000427246094 87.06
3122 -185.1999969482422 172.30999755859375 87.43
3123 -188.1199951171875 182.30999755859375 84.39
3124 -157.14999389648438 203.2100067138672 67.74
3125 -144.0 191.35000610351562 72.62
3126 -198.22000122070312 183.77000427246094 84.14
3127 -132.88999938964844 216.6699981689453 87.23
3128 -147.77000427246094 173.25999450683594 88.3
3129 -177.3699951171875 206.77000427246094 87.44
3130 -184.77000427246094 199.75999450683594 87.21
3131 -161.38999938964844 185.4499969482422 83.07
3132 -157.85000610351562 176.0500030517578 87.6
3133 -191.5 191.22999572753906 88.97
3134 -132.8699951171875 187.80999755859375 85.81
3135 -129.1699981689453 206.10000610351562 85.61
3136 -205.66000366210938 176.4600067138672 81.65
3137 -161.6300048828125 212.14999389648438 86.83
3138 -171.13999938964844 187.89999389648438 80.76
3139 -228.9499969482422 190.5500030517578 84.44
3140 -201.57000732421875 194.02999877929688 83.06
3141 -130.22000122070312 178.0 88.41
3142 -178.6300048828125 179.5399932861328 87.31
3143 -146.6300048828125 201.11000061035156 81.76
3144 -165.6999969482422 205.5399932861328 85.75
3145 -181.16000366210938 189.63999938964844 85.94
3146 -218.64999389648438 188.8699951171875 87.82
3147 -143.38999938964844 218.9199981689453 84.8
3148 -222.8300018310547 169.30999755859375 87.12
3149 -126.37999725341797 196.25999450683594 87.11
3150 -244.08999633789062 295.989990234375 82.03
3151 -203.10000610351562 259.3999938964844 88.09
3152 -223.75999450683594 263.8800048828125 84.7
3153 -182.74000549316406 282.67999267578125 86.33
3154 -220.27999877929688 253.8699951171875 86.06
3155 -211.25 252.02999877929688 86.5
3156 -169.44000244140625 270.1099853515625 83.99
3157 -152.42999267578125 276.25 83.81
3158 -193.3699951171875 257.45001220703125 88.84
3159 -196.55999755859375 295.3399963378906 87.69
3160 -171.94000244140625 308.3999938964844 85.59
3161 -187.83999633789062 265.4700012207031 93.63
3162 -213.72000122070312 288.94000244140625 83.83
3163 -237.13999938964844 275.739990234375 87.77
3164 -254.94000244140625 297.9599914550781 82.19
3165 -188.9499969482422 302.4200134277344 88.3
3166 -217.00999450683594 271.1300048828125 85.9
3167 -185.9199981689453 292.5799865722656 84.2
3168 -168.44000244140625 297.8299865722656 85.38
3169 -223.7100067138672 291.2300109863281 86.79
3170 -165.25 288.1300048828125 90.13
3171 -220.4600067138672 281.4700012207031 86.16
3172 -213.5399932861328 261.29998779296875 85.33
3173 -178.9600067138672 300.0400085449219 81.65
3174 -199.44000244140625 304.2200012207031 85.73
3175 -159.0 268.3800048828125 65.41
3176 -234.35000610351562 265.44000244140625 83.66
3177 -204.00999450683594 285.6400146484375 87.89
3178 -190.30999755859375 274.95001220703125 85.46
3179 -156.8800048828125 285.8900146484375 89.49
3180 -227.5 274.07000732421875 84.97
3181 -192.72000122070312 284.42999267578125 87.46
3182 -174.86000061035156 290.67999267578125 84.41
3183 -172.05999755859375 280.25 86.97
3184 -206.11000061035156 296.95001220703125 85.7
3185 -162.00999450683594 305.2200012207031 84.76
3186 -158.8699951171875 295.7300109863281 83.23
3187 -233.5399932861328 293.92999267578125 84.88
3188 -206.8000030517578 269.67999267578125 85.51
3189 -216.8699951171875 299.20001220703125 82.9
3190 -226.3800048828125 301.6300048828125 85.68
3191 -230.7899932861328 255.57000732421875 87.92
3192 -178.89999389648438 272.2799987792969 84.83
3193 -241.05999755859375 286.6199951171875 85.61
3194 -230.92999267578125 282.1499938964844 91.18
3195 -162.24000549316406 278.0400085449219 84.81
3196 -196.72000122070312 267.2900085449219 86.64
3197 -201.4499969482422 276.8299865722656 91.59
3198 -209.32000732421875 279.1099853515625 84.09
3199 -182.67999267578125 309.9800109863281 85.93
3200 -127.45999908447266 141.9600067138672 64.65
3201 -103.58999633789062 154.66000366210938 80.45
3202 -113.88999938964844 129.14999389648438 83.52
3203 nan nan nan
3204 -96.72000122070312 162.07000732421875 82.45
3205 -82.37999725341797 178.2899932861328 75.58
3206 -121.19999694824219 175.52000427246094 81.1
3207 nan nan nan
3208 -107.26000213623047 136.80999755859375 81.76
3209 -92.69000244140625 180.14999389648438 78.18
3210 -69.19999694824219 165.97000122070312 79.9
3211 -69.91000366210938 138.33999633789062 85.18
3212 -93.73999786376953 152.7100067138672 77.34
3213 -106.79000091552734 164.8300018310547 77.88
3214 -113.08999633789062 156.5 77.36
3215 -127.08000183105469 169.41000366210938 83.33
3216 -67.19999694824219 156.77999877929688 83.81
3217 -103.8499984741211 127.4800033569336 73.9
3218 -100.16999816894531 145.0800018310547 74.78
3219 -116.12999725341797 167.35000610351562 64.95
3220 -75.13999938964844 159.49000549316406 89.18
3221 -72.12000274658203 176.25 79.07
3222 -131.30999755859375 150.44000244140625 81.98
3223 -79.01000213623047 167.97000122070312 77.73
3224 -62.81999969482422 146.57000732421875 83.35
3225 -86.0999984741211 160.22999572753906 75.37
3226 -65.44999694824219 183.60000610351562 79.16
3227 -96.63999938964844 135.3000030517578 77.51
3228 -102.77999877929688 182.36000061035156 76.32
3229 -58.63999938964844 163.75 78.74
3230 -124.22000122070312 131.5399932861328 80.18
3231 -55.90999984741211 153.99000549316406 76.66
3232 -143.8300018310547 163.60000610351562 79.12
3233 -75.55999755859375 185.22999572753906 82.55
3234 -117.61000061035156 139.30999755859375 82.13
3235 -52.97999954223633 143.27999877929688 79.89
3236 -99.94000244140625 172.47999572753906 75.88
3237 -134.72999572753906 161.1300048828125 79.01
3238 -140.9600067138672 153.35000610351562 77.91
3239 -85.58000183105469 188.08999633789062 81.06
3240 -137.39999389648438 171.3300018310547 81.51
3241 -72.61000061035156 148.1699981689453 83.27
3242 -91.5199966430664 142.99000549316406 86.02
3243 -59.13999938964844 136.02000427246094 83.36
3244 -79.9000015258789 140.08999633789062 78.01
3245 -120.80999755859375 149.19000244140625 78.5
3246 -62.470001220703125 173.30999755859375 80.92
3247 -110.2300033569336 145.42999267578125 82.93
3248 -110.52999877929688 174.47000122070312 84.26
3249 -82.7300033569336 150.75 81.23
3250 -145.16000366210938 255.5800018310547 83.97
3251 -214.02999877929688 233.7100067138672 82.77
3252 -200.69000244140625 221.42999267578125 80.91
3253 -129.25 234.16000366210938 82.55
3254 -182.85000610351562 255.24000549316406 82.41
3255 -138.69000244140625 236.35000610351562 84.77
3256 -166.24000549316406 260.45001220703125 85.76
3257 -198.0800018310547 211.75999450683594 85.28
3258 -193.9199981689453 229.58999633789062 81.9
3259 -173.55999755859375 225.02999877929688 79.67
3260 -172.89999389648438 252.7100067138672 84.36
3261 -232.08999633789062 226.83999633789062 83.21
3262 -180.72000122070312 217.6699981689453 85.66
3263 -187.39999389648438 209.33999633789062 85.87
3264 -153.47999572753906 220.75999450683594 85.14
3265 -198.17999267578125 240.0399932861328 83.9
3266 -214.66000366210938 206.38999938964844 80.87
3267 -177.02999877929688 235.1999969482422 79.55
3268 -180.24000549316406 244.72000122070312 83.72
3269 -187.0500030517578 237.27999877929688 81.64
3270 -205.0500030517578 203.9600067138672 84.13
3271 -133.83999633789062 243.5 81.55
3272 -148.74000549316406 265.5799865722656 85.49
3273 -217.41000366210938 243.7899932861328 83.72
3274 -158.2899932861328 230.55999755859375 82.46
3275 -142.1300048828125 245.92999267578125 84.27
3276 -236.05999755859375 238.99000549316406 85.75
3277 -225.14999389648438 236.5399932861328 82.72
3278 -183.86000061035156 227.02999877929688 80.49
3279 -135.6999969482422 226.39999389648438 84.67
3280 -167.8800048828125 213.66000366210938 85.46
3281 -149.11000061035156 239.8000030517578 86.25
3282 -201.36000061035156 248.00999450683594 87.43
3283 -204.1999969482422 231.5 83.68
3284 -208.0500030517578 213.69000244140625 75.66
3285 -211.1300048828125 223.8000030517578 80.39
3286 -208.99000549316406 241.3800048828125 85.52
3287 -227.1699981689453 246.11000061035156 81.22
3288 -190.52000427246094 219.00999450683594 82.79
3289 -221.52999877929688 226.63999938964844 82.28
3290 -146.52999877929688 228.44000244140625 81.79
3291 -155.4600067138672 258.0299987792969 85.16
3292 -163.25 251.07000732421875 81.31
3293 -190.6999969482422 246.88999938964844 83.3
3294 -166.6199951171875 232.67999267578125 84.56
3295 -163.3000030517578 223.72999572753906 82.6
3296 -152.52000427246094 247.5800018310547 82.08
3297 -219.8000030517578 215.8699951171875 87.57
3298 -169.50999450683594 242.32000732421875 83.27
3299 -161.17999267578125 240.42999267578125 85.64
3300 -199.02999877929688 156.27000427246094 75.23
3301 -153.02999877929688 155.5 82.94
3302 -43.11000061035156 113.70999908447266 80.25
3303 -66.87000274658203 128.32000732421875 79.28
3304 -134.8000030517578 135.19000244140625 84.11
3305 -154.89999389648438 137.72000122070312 81.41
3306 -76.61000061035156 103.13999938964844 76.71
3307 -178.69000244140625 152.22999572753906 69.77
3308 -158.77999877929688 147.35000610351562 80.19
3309 -182.22999572753906 162.05999755859375 78.51
3310 -174.8000030517578 140.89999389648438 85.33
3311 -46.68000030517578 124.2699966430664 80.52
3312 -80.44999694824219 113.19999694824219 81.1
3313 -137.24000549316406 143.13999938964844 81.48
3314 -49.84000015258789 133.97000122070312 74.76
3315 -42.5099983215332 86.5999984741211 77.98
3316 -83.56999969482422 122.8499984741211 79.21
3317 -76.94000244140625 130.55999755859375 78.86
3318 -46.5099983215332 97.0199966430664 81.79
3319 -64.01000213623047 90.58000183105469 84.03
3320 -191.92999267578125 164.50999450683594 76.53
3321 -56.9900016784668 98.72000122070312 83.36
3322 -165.0399932861328 140.6300048828125 75.85
3323 -73.11000061035156 120.69000244140625 78.48
3324 -36.7599983215332 94.2699966430664 87.47
3325 -70.01000213623047 111.01000213623047 79.42
3326 -74.4000015258789 94.68000030517578 87.41
3327 -61.459999084472656 108.54000091552734 91.67
3328 -148.47000122070312 145.80999755859375 80.22
3329 -63.5 118.77999877929688 72.78
3330 -52.81999969482422 116.44000244140625 79.78
3331 -66.62000274658203 101.2300033569336 74.16
3332 -60.400001525878906 81.86000061035156 82.34
3333 -55.88999938964844 126.06999969482422 80.29
3334 -171.8300018310547 160.07000732421875 76.29
3335 -168.5800018310547 150.47999572753906 75.73
3336 -144.77999877929688 135.7899932861328 80.13
3337 -53.83000183105469 89.05999755859375 81.02
3338 -161.8300018310547 129.83999633789062 77.95
3339 -148.66000366210938 117.87000274658203 81.35
3340 -171.42999267578125 132.88999938964844 78.45
3341 -151.4199981689453 128.30999755859375 80.63
3342 -131.39999389648438 124.08999633789062 78.56
3343 -190.44000244140625 153.8800048828125 79.36
3344 -40.02000045776367 104.61000061035156 79.51
3345 -154.8699951171875 165.8000030517578 79.14
3346 -141.5399932861328 125.51000213623047 80.28
3347 -50.099998474121094 106.68000030517578 77.96
3348 -161.91000366210938 157.66000366210938 82.17
3349 -186.11000061035156 144.38999938964844 63.34
3350 -238.86000061035156 192.6300048828125 64.64
3351 -85.13999938964844 215.6999969482422 78.81
3352 -125.79000091552734 224.1300048828125 82.15
3353 -236.9600067138672 210.4199981689453 82.85
3354 -255.27000427246094 215.30999755859375 77.67
3355 -115.97000122070312 221.72999572753906 80.96
3356 -248.63999938964844 222.42999267578125 80.99
3357 -108.75 229.75 80.23
3358 -116.41999816894531 194.75 79.3
3359 -95.5199966430664 189.75999450683594 79.06
3360 -263.3800048828125 206.97000122070312 73.86
3361 -95.2300033569336 217.7100067138672 79.9
3362 -119.54000091552734 204.30999755859375 77.61
3363 -225.14999389648438 208.3000030517578 78.69
3364 -228.4199981689453 218.32000732421875 77.62
3365 -109.5199966430664 201.86000061035156 79.21
3366 -82.5999984741211 232.13999938964844 86.05
3367 -78.88999938964844 195.61000061035156 81.74
3368 -238.4600067138672 220.88999938964844 78.63
3369 -252.4499969482422 204.3300018310547 79.43
3370 -259.30999755859375 197.17999267578125 80.33
3371 -98.43000030517578 199.69000244140625 78.37
3372 -221.17999267578125 198.19000244140625 79.17
3373 -105.95999908447266 192.4199981689453 80.49
3374 -241.97000122070312 231.32000732421875 77.7
3375 -245.5500030517578 212.42999267578125 80.83
3376 -92.30999755859375 207.50999450683594 80.65
3377 -232.8800048828125 201.0800018310547 65.79
3378 -81.93000030517578 205.27999877929688 76.41
3379 -251.60000610351562 232.77000427246094 79.34
3380 -242.64999389648438 202.97999572753906 79.18
3381 -259.1099853515625 224.82000732421875 77.85
3382 -274.2699890136719 210.42999267578125 85.83
3383 -246.44000244140625 239.64999389648438 82.25
3384 -122.93000030517578 214.5500030517578 82.34
3385 -71.91999816894531 203.02000427246094 79.61
3386 -75.4800033569336 213.3000030517578 78.95
3387 -249.38999938964844 194.8699951171875 80.17
3388 -279.44000244140625 229.13999938964844 76.1
3389 -269.260009765625 227.42999267578125 78.48
3390 -88.44999694824219 197.4199981689453 82.27
3391 -69.16000366210938 192.92999267578125 82.75
3392 -112.43000030517578 212.6999969482422 83.44
3393 -78.5199966430664 222.88999938964844 80.73
3394 -261.94000244140625 234.86000061035156 80.08
3395 -105.9000015258789 219.47999572753906 80.81
3396 -276.3500061035156 219.16000366210938 77.88
3397 -102.36000061035156 209.75999450683594 76.6
3398 nan nan nan
3399 -265.6300048828125 217.66000366210938 79.41
3400 -125.4000015258789 104.05999755859375 76.91
3401 -46.810001373291016 67.86000061035156 89.74
3402 -121.16000366210938 121.08999633789062 80.07
3403 -134.75 106.41999816894531 81.11
3404 -30.579999923706055 73.63999938964844 97.67
3405 -138.36000061035156 115.58000183105469 79.47
3406 -17.329999923706055 36.58000183105469 90.66
3407 -93.58000183105469 124.98999786376953 82.52
3408 -101.11000061035156 117.45999908447266 83.23
3409 -49.5099983215332 50.5 96.08
3410 -42.36000061035156 58.7599983215332 97.87
3411 -102.0 89.36000061035156 80.19
3412 -91.1500015258789 87.93000030517578 84.7
3413 -97.7300033569336 79.9000015258789 81.6
3414 -108.0 109.0999984741211 86.15
3415 -28.0 64.08999633789062 97.89
3416 -14.920000076293945 26.360000610351562 97.29
3417 nan nan nan
3418 -111.87999725341797 91.62999725341797 83.59
3419 -41.18000030517578 50.54999923706055 93.45
3420 -21.020000457763672 43.689998626708984 91.98
3421 -97.2699966430664 107.31999969482422 85.72
3422 -37.9900016784668 38.09000015258789 98.56
3423 -72.83000183105469 66.05000305175781 97.01
3424 -84.25 95.4000015258789 83.19
3425 -77.22000122070312 75.44999694824219 85.75
3426 -29.43000030517578 48.4900016784668 96.58
3427 -90.52999877929688 114.83000183105469 82.08
3428 -110.81999969482422 119.12999725341797 78.79
3429 -129.4600067138672 112.69000244140625 65.98
3430 -114.61000061035156 101.20999908447266 80.16
3431 -32.630001068115234 55.84000015258789 91.05
3432 -63.77000045776367 62.0099983215332 92.56
3433 -53.93000030517578 59.72999954223633 95.73
3434 -71.06999969482422 83.69999694824219 69.71
3435 -28.459999084472656 36.13999938964844 97.15
3436 -38.56999969482422 76.19999694824219 95.54
3437 -69.0199966430664 73.62999725341797 98.81
3438 -58.779998779296875 70.87000274658203 91.57
3439 -104.79000091552734 99.4000015258789 85.84
3440 -80.80000305175781 85.20999908447266 80.48
3441 -87.16000366210938 105.18000030517578 87.19
3442 -51.79999923706055 79.16999816894531 99.28
3443 -22.15999984741211 54.0 92.53
3444 -35.75 65.9000015258789 98.21
3445 -94.73999786376953 97.5999984741211 82.19
3446 -61.869998931884766 52.29999923706055 96.54
3447 -118.12000274658203 111.18000030517578 86.16
3448 -33.209999084472656 86.19999694824219 76.75
3449 -22.290000915527344 26.510000228881836 91.62
3450 -202.44000244140625 314.3599853515625 79.46
3451 -239.25999450683594 326.8500061035156 74.59
3452 -151.3699951171875 303.4200134277344 82.36
3453 -134.64999389648438 281.3399963378906 84.08
3454 -134.3800048828125 308.5899963378906 82.85
3455 -138.27999877929688 291.1700134277344 83.91
3456 -141.8300018310547 273.5799865722656 81.84
