py/desispec/data/qa/qa-reference-tsnr2.ecsv
# %ECSV 1.0
# ---
# datatype:
# - {name: FIBER, datatype: int64}
# - {name: FIBERASSIGN_X, datatype: float64}
# - {name: FIBERASSIGN_Y, datatype: float64}
# - {name: TSNR2_LRG, datatype: float64}
# schema: astropy-2.0
FIBER FIBERASSIGN_X FIBERASSIGN_Y TSNR2_LRG
[from data line 1029]
1029 352.1000061035156 -15.4399995803833 86.32
1030 214.22999572753906 -115.8499984741211 87.56
1031 342.8500061035156 -19.780000686645508 87.62
1032 361.2099914550781 -22.329999923706055 87.07
1033 188.27999877929688 -107.6500015258789 87.02
1034 212.99000549316406 -126.12999725341797 83.93
1035 222.72999572753906 -122.26000213623047 91.98
1036 314.0199890136719 -32.09000015258789 69.65
1037 295.8599853515625 -30.079999923706055 80.29
1038 315.9800109863281 -11.15999984741211 76.94
1039 350.7200012207031 -25.530000686645508 87.44
1040 339.6099853515625 -50.529998779296875 83.94
1041 344.260009765625 -8.600000381469727 83.47
1042 202.38999938964844 -142.32000732421875 91.8
1043 216.72999572753906 -94.9800033569336 92.03
1044 195.3300018310547 -134.1199951171875 88.27
1045 223.97000122070312 -111.56999969482422 87.63
1046 340.67999267578125 -40.099998474121094 87.68
1047 233.22999572753906 -107.19000244140625 80.04
1048 204.77999877929688 -119.83000183105469 91.63
1049 208.5800018310547 -88.80999755859375 89.85
1050 339.04998779296875 -140.05999755859375 78.06
1051 364.4200134277344 -158.02999877929688 72.51
1052 263.75 -163.27999877929688 83.53
1053 368.8399963378906 -116.72000122070312 76.65
1054 254.0500030517578 -177.19000244140625 80.97
1055 367.8399963378906 -127.26000213623047 75.44
1056 379.57000732421875 -102.5 71.55
1057 290.3900146484375 -171.00999450683594 82.54
1058 356.739990234375 -130.4199981689453 84.49
1059 282.80999755859375 -154.52000427246094 82.73
1060 281.3500061035156 -175.02000427246094 82.61
1061 271.1700134277344 -180.3800048828125 84.76
1062 276.1600036621094 -137.8300018310547 86.05
1063 387.92999267578125 -118.86000061035156 65.58
1064 300.6300048828125 -166.77000427246094 82.68
1065 279.44000244140625 -195.6699981689453 80.18
1066 291.2300109863281 -161.05999755859375 77.44
1067 350.1600036621094 -125.3499984741211 78.05
1068 262.2799987792969 -172.9199981689453 79.21
1069 272.44000244140625 -168.97000122070312 86.21
1070 377.2900085449219 -123.04000091552734 74.81
1071 262.010009765625 -183.4499969482422 81.53
1072 387.0199890136719 -129.19000244140625 71.36
1073 360.1400146484375 -120.81999969482422 76.64
1074 391.07000732421875 -86.22000122070312 77.99
1075 270.82000732421875 -189.49000549316406 82.03
1076 348.07000732421875 -135.42999267578125 83.0
1077 366.2799987792969 -149.89999389648438 84.61
1078 367.0199890136719 -137.0399932861328 75.77
1079 389.1099853515625 -96.44999694824219 78.58
1080 375.510009765625 -154.6300048828125 68.59
1081 245.14999389648438 -171.10000610351562 88.03
1082 292.7699890136719 -149.82000732421875 89.69
1083 263.0400085449219 -151.38999938964844 86.6
1084 388.7099914550781 -109.02999877929688 73.31
1085 355.9100036621094 -152.02000427246094 78.28
1086 348.2799987792969 -147.41000366210938 86.18
1087 378.7200012207031 -112.33000183105469 79.95
1088 254.32000732421875 -167.75999450683594 84.32
1089 376.70001220703125 -133.83999633789062 76.18
1090 283.9100036621094 -144.1699981689453 85.11
1091 281.9700012207031 -164.9199981689453 86.48
1092 357.5299987792969 -141.3699951171875 77.62
1093 375.8699951171875 -143.6300048828125 81.0
1094 280.4599914550781 -186.0500030517578 81.39
1095 275.3999938964844 -148.9199981689453 83.01
1096 273.6199951171875 -159.41000366210938 83.61
1097 nan nan nan
1098 nan nan nan
1099 370.07000732421875 -106.77999877929688 71.85
1100 199.3699951171875 -82.91999816894531 78.21
1101 298.239990234375 -9.489999771118164 81.02
1102 266.989990234375 -42.5 79.87
1103 247.41000366210938 -60.97999954223633 83.2
1104 231.69000244140625 -39.22999954223633 81.76
1105 275.8500061035156 -48.689998626708984 82.77
1106 227.17999267578125 -80.4000015258789 86.64
1107 297.04998779296875 -19.440000534057617 83.38
1108 245.97000122070312 -71.87000274658203 78.8
1109 243.66000366210938 -92.63999938964844 84.91
1110 250.42999267578125 -30.040000915527344 77.93
1111 234.69000244140625 -98.87000274658203 88.35
1112 239.3800048828125 -34.36000061035156 66.11
1113 239.3000030517578 -55.34000015258789 82.45
1114 279.5899963378906 -17.93000030517578 79.48
1115 235.8300018310547 -86.83999633789062 84.28
1116 286.8599853515625 -34.54999923706055 79.98
1117 268.6300048828125 -32.880001068115234 80.24
1118 270.989990234375 -11.920000076293945 80.91
1119 226.10000610351562 -91.05000305175781 82.18
1120 228.58999633789062 -69.33000183105469 78.78
1121 236.6699981689453 -76.0199966430664 79.02
1122 249.35000610351562 -41.130001068115234 77.31
1123 259.42999267578125 -36.959999084472656 81.4
1124 266.989990234375 -53.0 83.97
1125 254.57000732421875 -78.12000274658203 83.69
1126 287.7900085449219 -23.809999465942383 85.5
1127 230.8800048828125 -49.540000915527344 83.7
1128 236.4600067138672 -64.9000015258789 87.27
1129 240.55999755859375 -45.06999969482422 80.82
1130 261.57000732421875 -16.34000015258789 83.7
1131 280.4599914550781 -7.230000019073486 85.07
1132 255.77000427246094 -67.55999755859375 86.41
1133 260.17999267578125 -26.030000686645508 83.71
1134 229.3000030517578 -59.459999084472656 83.14
1135 219.8300018310547 -64.01000213623047 84.89
1136 271.2200012207031 -22.170000076293945 91.21
1137 245.27000427246094 -82.18000030517578 87.25
1138 263.67999267578125 -63.29999923706055 89.26
1139 276.54998779296875 -38.83000183105469 80.92
1140 278.260009765625 -28.450000762939453 86.88
1141 208.9199981689453 -78.51000213623047 90.22
1142 218.44000244140625 -74.12000274658203 87.74
1143 220.86000061035156 -53.470001220703125 84.52
1144 210.5800018310547 -68.3499984741211 88.9
1145 218.02999877929688 -84.7699966430664 87.27
1146 248.5800018310547 -51.59000015258789 87.24
1147 289.1600036621094 -13.489999771118164 87.51
1148 257.1400146484375 -57.41999816894531 87.61
1149 258.0299987792969 -46.79999923706055 86.67
1150 132.0399932861328 -34.11000061035156 84.12
1151 171.0500030517578 -16.469999313354492 68.7
1152 87.2699966430664 -34.08000183105469 75.17
1153 116.70999908447266 -10.699999809265137 79.4
1154 43.61000061035156 -13.920000076293945 86.29
1155 125.04000091552734 -17.389999389648438 83.75
1156 169.05999755859375 -26.75 85.99
1157 60.189998626708984 -36.900001525878906 87.39
1158 106.23999786376953 -25.90999984741211 88.81
1159 149.88999938964844 -46.099998474121094 87.43
1160 152.8300018310547 -14.40999984741211 85.14
1161 61.27000045776367 -16.170000076293945 91.69
1162 53.5 -9.489999771118164 88.03
1163 61.2400016784668 -26.469999313354492 90.74
1164 76.8499984741211 -37.209999084472656 99.37
1165 134.41000366210938 -12.989999771118164 88.88
1166 171.88999938964844 -6.619999885559082 79.13
1167 78.87000274658203 -28.040000915527344 88.56
1168 51.9900016784668 -30.309999465942383 89.16
1169 69.0 -42.52000045776367 86.39
1170 89.52999877929688 -13.539999961853027 90.47
1171 74.83999633789062 -47.79999923706055 79.06
1172 159.85000610351562 -30.790000915527344 88.96
1173 107.01000213623047 -15.210000038146973 88.78
1174 123.94999694824219 -27.8700008392334 86.5
1175 126.66000366210938 -7.050000190734863 88.71
1176 162.24000549316406 -10.539999961853027 86.6
1177 35.86000061035156 -8.039999961853027 86.39
1178 180.35000610351562 -12.180000305175781 86.01
1179 143.0500030517578 -18.940000534057617 82.81
1180 142.0399932861328 -29.329999923706055 78.73
1181 86.73999786376953 -23.399999618530273 96.06
1182 70.55999755859375 -11.539999961853027 85.25
1183 35.119998931884766 -18.0 87.16
1184 150.38999938964844 -35.380001068115234 81.99
1185 nan nan nan
1186 99.08000183105469 -8.970000267028809 85.35
1187 144.13999938964844 -9.369999885559082 92.73
1188 69.13999938964844 -32.52000045776367 88.19
1189 69.91000366210938 -22.239999771118164 89.63
1190 133.75 -23.530000686645508 87.14
1191 97.4800033569336 -19.8799991607666 90.07
1192 160.6199951171875 -19.0 89.6
1193 115.37999725341797 -21.579999923706055 92.09
1194 141.00999450683594 -39.86000061035156 88.17
1195 52.279998779296875 -20.3700008392334 75.49
1196 79.87000274658203 -18.3700008392334 88.29
1197 43.119998931884766 -24.049999237060547 91.12
1198 151.63999938964844 -24.670000076293945 82.77
1199 26.459999084472656 -11.4399995803833 86.49
1200 304.2900085449219 -146.60000610351562 91.24
1201 380.6400146484375 -92.04000091552734 83.92
1202 332.0299987792969 -123.08999633789062 85.56
1203 328.0400085449219 -75.6500015258789 88.4
1204 362.7300109863281 -90.22000122070312 86.46
1205 306.0799865722656 -106.22000122070312 86.56
1206 307.55999755859375 -93.98999786376953 82.55
1207 324.0400085449219 -116.7300033569336 84.64
1208 316.4800109863281 -98.88999938964844 86.42
1209 311.3599853515625 -130.69000244140625 88.82
1210 286.239990234375 -123.41000366210938 87.73
1211 295.9100036621094 -118.4800033569336 85.54
1212 345.8699951171875 -77.33999633789062 88.54
1213 315.1199951171875 -110.77999877929688 88.01
1214 351.1000061035156 -115.06999969482422 87.07
1215 340.3800048828125 -129.25 86.86
1216 nan nan nan
1217 326.8800048828125 -85.79000091552734 86.15
1218 341.32000732421875 -118.87000274658203 86.84
1219 316.54998779296875 -90.08999633789062 82.03
1220 313.6600036621094 -120.91999816894531 87.33
1221 331.5 -113.58000183105469 85.36
1222 303.510009765625 -125.31999969482422 86.37
1223 284.8900146484375 -133.49000549316406 88.28
1224 325.3800048828125 -96.01000213623047 81.88
1225 nan nan nan
1226 310.4200134277344 -152.42999267578125 83.87
1227 352.95001220703125 -93.83999633789062 81.77
1228 345.1700134277344 -88.19999694824219 86.39
1229 343.5400085449219 -98.19000244140625 81.8
1230 361.4700012207031 -100.66000366210938 83.71
1231 317.1099853515625 -79.69999694824219 87.63
1232 293.7099914550781 -139.72000122070312 82.96
1233 321.3599853515625 -138.16000366210938 82.12
1234 302.9200134277344 -136.1999969482422 86.94
1235 342.2699890136719 -108.45999908447266 85.49
1236 371.5400085449219 -95.81999969482422 85.99
1237 330.4700012207031 -133.50999450683594 84.75
1238 294.9100036621094 -129.55999755859375 88.27
1239 334.3699951171875 -102.73999786376953 85.29
1240 334.55999755859375 -91.5 85.34
1241 354.44000244140625 -83.80000305175781 84.71
1242 352.1000061035156 -104.16000366210938 71.61
1243 336.1600036621094 -80.05999755859375 86.42
1244 360.6600036621094 -110.76000213623047 84.11
1245 305.75 -115.33999633789062 85.13
1246 338.75 -72.18000030517578 91.37
1247 319.8800048828125 -127.75 86.25
1248 324.2900085449219 -106.52999877929688 84.2
1249 311.79998779296875 -142.63999938964844 89.85
1250 164.77999877929688 -68.79000091552734 77.78
1251 135.92999267578125 -91.44999694824219 82.06
1252 174.41000366210938 -64.23999786376953 83.79
1253 127.38999938964844 -85.30999755859375 87.85
1254 155.5399932861328 -73.58999633789062 85.95
1255 170.88999938964844 -95.76000213623047 86.69
1256 202.3000030517578 -62.45000076293945 86.2
1257 150.42999267578125 -104.54000091552734 88.67
1258 145.0500030517578 -87.79000091552734 88.16
1259 213.07000732421875 -47.7599983215332 79.13
1260 182.1999969482422 -80.87000274658203 80.2
1261 158.63999938964844 -42.439998626708984 68.53
1262 200.9199981689453 -73.93000030517578 86.38
1263 180.38999938964844 -90.91000366210938 81.31
1264 179.7100067138672 -101.5199966430664 82.08
1265 161.58999633789062 -99.83999633789062 84.78
1266 136.1999969482422 -81.5 86.02
1267 127.72000122070312 -75.91000366210938 60.45
1268 190.22999572753906 -87.2699966430664 83.81
1269 202.66000366210938 -51.70000076293945 70.82
1270 167.27999877929688 -48.16999816894531 81.15
1271 177.41000366210938 -43.65999984741211 80.77
1272 144.17999267578125 -97.51000213623047 84.27
1273 186.57000732421875 -39.45000076293945 77.64
1274 153.22999572753906 -93.04000091552734 84.73
1275 170.11000061035156 -106.27999877929688 80.12
1276 147.36000061035156 -66.98999786376953 82.06
1277 204.6199951171875 -41.349998474121094 83.53
1278 178.22999572753906 -33.349998474121094 82.56
1279 182.52000427246094 -59.939998626708984 83.8
1280 194.91000366210938 -45.79999923706055 72.56
1281 154.25999450683594 -83.72000122070312 81.55
1282 193.4499969482422 -55.779998779296875 82.91
1283 192.00999450683594 -66.01000213623047 81.46
1284 172.61000061035156 -84.94999694824219 79.97
1285 183.13999938964844 -70.66999816894531 85.06
1286 173.82000732421875 -75.01000213623047 81.87
1287 161.5399932861328 -110.33000183105469 81.55
1288 167.52000427246094 -35.70000076293945 85.97
1289 175.80999755859375 -54.279998779296875 82.33
1290 157.32000732421875 -52.459999084472656 83.21
1291 166.50999450683594 -57.90999984741211 81.39
1292 191.1300048828125 -76.58999633789062 82.28
1293 163.72999572753906 -79.0999984741211 81.42
1294 211.41000366210938 -58.13999938964844 80.7
1295 145.97000122070312 -77.26000213623047 72.65
1296 185.5500030517578 -49.58000183105469 70.94
1297 162.7899932861328 -89.5199966430664 84.86
1298 137.1999969482422 -71.56999969482422 80.56
1299 156.4199981689453 -62.81999969482422 85.51
1300 299.239990234375 -88.13999938964844 85.55
1301 271.7900085449219 -90.5999984741211 81.71
1302 242.60000610351562 -102.75 83.51
1303 329.7900085449219 -54.86000061035156 84.98
1304 310.8999938964844 -63.150001525878906 87.57
1305 273.3800048828125 -69.66000366210938 84.52
1306 278.3999938964844 -105.33000183105469 93.97
1307 281.9700012207031 -75.94000244140625 77.22
1308 287.3500061035156 -112.7699966430664 85.71
1309 274.4100036621094 -59.20000076293945 86.96
1310 262.3399963378906 -94.91000366210938 86.02
1311 300.19000244140625 -78.22000122070312 89.96
1312 277.2799987792969 -117.1500015258789 84.52
1313 289.6400146484375 -91.9800033569336 85.95
1314 293.7900085449219 -51.54999923706055 84.63
1315 269.44000244140625 -110.87000274658203 87.5
1316 329.55999755859375 -65.33999633789062 86.44
1317 275.7200012207031 -126.47000122070312 91.27
1318 308.0400085449219 -84.33000183105469 80.74
1319 303.3599853515625 -46.369998931884766 82.08
1320 285.2200012207031 -44.540000915527344 82.51
1321 253.99000549316406 -88.48999786376953 83.33
1322 302.4599914550781 -57.06999969482422 85.08
1323 272.05999755859375 -80.05999755859375 88.09
1324 263.8599853515625 -73.41999816894531 86.54
1325 297.4599914550781 -98.27999877929688 80.53
1326 319.05999755859375 -69.5 87.68
1327 301.9200134277344 -67.2300033569336 86.26
1328 241.6199951171875 -113.55000305175781 82.39
1329 313.82000732421875 -54.939998626708984 56.67
1330 320.69000244140625 -48.45000076293945 78.44
1331 309.29998779296875 -73.41000366210938 79.65
1332 290.3599853515625 -82.19999694824219 80.13
1333 288.7200012207031 -102.91000366210938 76.54
1334 320.32000732421875 -59.150001525878906 81.92
1335 296.3900146484375 -41.279998779296875 87.68
1336 284.3500061035156 -55.45000076293945 82.26
1337 263.4200134277344 -84.02999877929688 81.46
1338 270.29998779296875 -100.98999786376953 86.12
1339 283.2699890136719 -64.68000030517578 87.63
1340 251.47000122070312 -109.2300033569336 85.49
1341 288.67999267578125 -71.9800033569336 91.56
1342 261.3500061035156 -116.16999816894531 90.89
1343 261.3399963378906 -105.5 82.87
1344 252.47000122070312 -98.63999938964844 87.86
1345 250.35000610351562 -120.20999908447266 84.91
1346 279.95001220703125 -96.5999984741211 80.27
1347 280.7200012207031 -86.37999725341797 87.09
1348 294.3599853515625 -61.36000061035156 88.96
1349 268.2099914550781 -121.13999938964844 86.57
1350 327.7099914550781 -164.7899932861328 77.79
1351 352.7799987792969 -183.02000427246094 76.39
1352 324.6300048828125 -195.74000549316406 76.56
1353 289.0 -181.6699981689453 83.43
1354 319.4599914550781 -158.74000549316406 80.08
1355 351.3900146484375 -204.0 71.77
1356 308.510009765625 -172.50999450683594 72.99
1357 363.5199890136719 -179.8300018310547 66.59
1358 352.6600036621094 -193.75999450683594 74.84
1359 325.2300109863281 -185.08999633789062 78.45
1360 328.82000732421875 -154.32000732421875 79.03
1361 320.0400085449219 -226.8699951171875 80.75
1362 298.9599914550781 -177.44000244140625 77.77
1363 340.7200012207031 -219.10000610351562 72.99
1364 343.239990234375 -187.39999389648438 78.85
